3000
1 2
1 3
1 4
4 5
2 6
6 7
5 8
1 9
9 10
3 11
6 12
2 13
9 14
1 15
7 16
2 17
6 18
15 19
10 20
17 21
9 22
20 23
11 24
3 25
1 26
13 27
26 28
24 29
12 30
23 31
21 32
15 33
15 34
20 35
29 36
4 37
8 38
12 39
28 40
10 41
26 42
18 43
35 44
41 45
39 46
37 47
36 48
46 49
30 50
5 51
10 52
46 53
23 54
6 55
4 56
29 57
49 58
56 59
45 60
32 61
32 62
46 63
9 64
27 65
32 66
8 67
38 68
27 69
45 70
4 71
42 72
52 73
52 74
42 75
16 76
65 77
71 78
41 79
76 80
12 81
9 82
43 83
53 84
42 85
41 86
74 87
73 88
74 89
4 90
79 91
9 92
3 93
60 94
30 95
18 96
92 97
29 98
2 99
3 100
94 101
8 102
23 103
56 104
71 105
71 106
28 107
104 108
82 109
47 110
5 111
21 112
71 113
40 114
25 115
24 116
55 117
84 118
9 119
111 120
15 121
106 122
118 123
108 124
121 125
1 126
75 127
41 128
105 129
35 130
58 131
92 132
116 133
34 134
25 135
120 136
17 137
67 138
120 139
50 140
86 141
77 142
59 143
36 144
113 145
64 146
67 147
72 148
12 149
102 150
88 151
23 152
152 153
58 154
146 155
106 156
105 157
135 158
6 159
27 160
25 161
36 162
38 163
26 164
14 165
162 166
30 167
124 168
10 169
157 170
109 171
163 172
23 173
49 174
31 175
82 176
125 177
42 178
68 179
69 180
157 181
78 182
35 183
13 184
174 185
167 186
42 187
105 188
145 189
143 190
74 191
167 192
145 193
156 194
17 195
142 196
187 197
161 198
194 199
30 200
129 201
62 202
3 203
49 204
1 205
163 206
37 207
104 208
187 209
35 210
71 211
17 212
105 213
120 214
77 215
102 216
60 217
12 218
45 219
130 220
106 221
92 222
142 223
17 224
95 225
26 226
21 227
187 228
38 229
191 230
125 231
111 232
59 233
53 234
224 235
215 236
178 237
13 238
164 239
4 240
63 241
132 242
52 243
82 244
190 245
56 246
35 247
233 248
235 249
60 250
165 251
189 252
32 253
205 254
20 255
91 256
127 257
100 258
155 259
246 260
242 261
207 262
178 263
220 264
159 265
101 266
73 267
253 268
247 269
61 270
134 271
120 272
28 273
215 274
274 275
269 276
173 277
157 278
192 279
142 280
201 281
269 282
197 283
120 284
15 285
197 286
29 287
48 288
15 289
71 290
231 291
281 292
191 293
148 294
10 295
287 296
221 297
82 298
33 299
102 300
193 301
110 302
86 303
196 304
279 305
71 306
269 307
65 308
33 309
274 310
244 311
218 312
200 313
279 314
56 315
119 316
178 317
157 318
27 319
266 320
134 321
183 322
317 323
53 324
32 325
248 326
152 327
185 328
271 329
6 330
207 331
309 332
264 333
222 334
279 335
320 336
28 337
227 338
152 339
242 340
284 341
264 342
237 343
212 344
4 345
297 346
288 347
323 348
171 349
339 350
29 351
151 352
178 353
221 354
152 355
220 356
289 357
29 358
119 359
27 360
80 361
320 362
321 363
13 364
312 365
318 366
157 367
79 368
83 369
247 370
294 371
19 372
132 373
268 374
22 375
254 376
104 377
220 378
24 379
81 380
368 381
374 382
8 383
22 384
27 385
27 386
264 387
117 388
327 389
209 390
352 391
327 392
384 393
353 394
62 395
144 396
370 397
246 398
300 399
169 400
154 401
43 402
163 403
140 404
164 405
355 406
113 407
380 408
146 409
98 410
322 411
152 412
44 413
21 414
412 415
149 416
166 417
235 418
331 419
171 420
356 421
40 422
412 423
198 424
390 425
268 426
371 427
118 428
204 429
278 430
198 431
129 432
375 433
188 434
33 435
155 436
342 437
367 438
430 439
169 440
59 441
374 442
309 443
219 444
191 445
367 446
236 447
323 448
144 449
310 450
427 451
69 452
419 453
344 454
26 455
39 456
68 457
339 458
15 459
242 460
450 461
231 462
209 463
115 464
222 465
217 466
183 467
253 468
354 469
222 470
461 471
402 472
237 473
444 474
459 475
204 476
393 477
387 478
174 479
54 480
449 481
235 482
138 483
214 484
186 485
356 486
124 487
284 488
320 489
209 490
224 491
461 492
30 493
484 494
176 495
214 496
137 497
6 498
112 499
173 500
494 501
18 502
501 503
438 504
286 505
428 506
374 507
471 508
421 509
265 510
149 511
378 512
83 513
112 514
382 515
152 516
208 517
271 518
440 519
258 520
221 521
518 522
2 523
310 524
201 525
419 526
44 527
517 528
289 529
41 530
500 531
149 532
250 533
283 534
411 535
22 536
515 537
338 538
365 539
22 540
291 541
81 542
467 543
140 544
383 545
437 546
442 547
370 548
425 549
530 550
466 551
60 552
440 553
272 554
166 555
369 556
220 557
396 558
270 559
133 560
25 561
118 562
306 563
375 564
99 565
257 566
463 567
103 568
531 569
179 570
504 571
132 572
158 573
211 574
492 575
185 576
260 577
111 578
160 579
485 580
225 581
51 582
223 583
307 584
429 585
484 586
164 587
448 588
561 589
389 590
524 591
276 592
549 593
139 594
5 595
242 596
408 597
595 598
82 599
452 600
150 601
299 602
524 603
76 604
480 605
87 606
51 607
348 608
258 609
493 610
459 611
104 612
611 613
422 614
186 615
612 616
270 617
133 618
207 619
538 620
463 621
490 622
260 623
309 624
548 625
415 626
102 627
417 628
139 629
135 630
357 631
439 632
388 633
243 634
217 635
287 636
636 637
123 638
568 639
275 640
213 641
61 642
524 643
461 644
328 645
263 646
151 647
187 648
253 649
562 650
428 651
385 652
506 653
147 654
163 655
128 656
620 657
192 658
439 659
515 660
88 661
552 662
590 663
118 664
466 665
340 666
334 667
660 668
447 669
217 670
443 671
86 672
165 673
238 674
501 675
89 676
219 677
372 678
411 679
271 680
113 681
650 682
256 683
446 684
204 685
398 686
482 687
676 688
185 689
641 690
513 691
445 692
272 693
166 694
564 695
535 696
400 697
196 698
494 699
259 700
60 701
251 702
463 703
229 704
530 705
702 706
343 707
98 708
144 709
470 710
335 711
667 712
485 713
25 714
251 715
88 716
485 717
471 718
141 719
388 720
459 721
237 722
673 723
519 724
392 725
371 726
440 727
411 728
607 729
382 730
675 731
482 732
362 733
258 734
111 735
130 736
132 737
731 738
731 739
96 740
365 741
647 742
381 743
700 744
146 745
367 746
342 747
19 748
27 749
168 750
339 751
281 752
378 753
210 754
446 755
381 756
677 757
193 758
435 759
28 760
29 761
128 762
634 763
488 764
174 765
231 766
547 767
357 768
305 769
755 770
459 771
100 772
456 773
532 774
698 775
304 776
756 777
177 778
670 779
708 780
490 781
289 782
598 783
537 784
360 785
178 786
764 787
642 788
90 789
454 790
787 791
22 792
666 793
209 794
286 795
246 796
558 797
332 798
491 799
252 800
278 801
691 802
791 803
87 804
686 805
321 806
350 807
90 808
222 809
510 810
1 811
185 812
218 813
196 814
811 815
77 816
423 817
135 818
278 819
202 820
67 821
574 822
248 823
108 824
129 825
686 826
736 827
551 828
155 829
662 830
544 831
168 832
130 833
8 834
445 835
301 836
646 837
796 838
543 839
766 840
296 841
828 842
298 843
435 844
610 845
796 846
184 847
307 848
463 849
495 850
148 851
308 852
521 853
635 854
604 855
542 856
349 857
749 858
667 859
762 860
505 861
106 862
623 863
266 864
619 865
628 866
264 867
688 868
30 869
649 870
25 871
174 872
810 873
865 874
514 875
603 876
307 877
722 878
598 879
616 880
107 881
200 882
85 883
228 884
452 885
7 886
92 887
614 888
817 889
157 890
586 891
345 892
663 893
231 894
741 895
122 896
122 897
59 898
235 899
647 900
41 901
437 902
798 903
435 904
390 905
201 906
837 907
811 908
91 909
562 910
282 911
346 912
292 913
864 914
215 915
196 916
70 917
822 918
726 919
126 920
685 921
809 922
502 923
211 924
177 925
300 926
872 927
639 928
412 929
459 930
476 931
850 932
599 933
457 934
34 935
5 936
11 937
505 938
314 939
241 940
469 941
215 942
1 943
124 944
683 945
782 946
228 947
798 948
920 949
171 950
52 951
287 952
758 953
447 954
226 955
407 956
177 957
726 958
600 959
319 960
693 961
436 962
580 963
829 964
469 965
428 966
703 967
952 968
452 969
725 970
904 971
334 972
827 973
107 974
460 975
840 976
881 977
930 978
948 979
225 980
542 981
397 982
492 983
819 984
604 985
364 986
922 987
658 988
100 989
856 990
154 991
393 992
548 993
220 994
832 995
357 996
112 997
125 998
852 999
87 1000
1000 1001
1001 1002
1002 1003
1003 1004
1004 1005
1005 1006
1006 1007
1007 1008
1008 1009
1009 1010
1010 1011
1011 1012
1012 1013
1013 1014
1014 1015
1015 1016
1016 1017
1017 1018
1018 1019
1019 1020
1020 1021
1021 1022
1022 1023
1023 1024
1024 1025
1025 1026
1026 1027
1027 1028
1028 1029
1029 1030
1030 1031
1031 1032
1032 1033
1033 1034
1034 1035
1035 1036
1036 1037
1037 1038
1038 1039
1039 1040
1040 1041
1041 1042
1042 1043
1043 1044
1044 1045
1045 1046
1046 1047
1047 1048
1048 1049
1049 1050
1050 1051
1051 1052
1052 1053
1053 1054
1054 1055
1055 1056
1056 1057
1057 1058
1058 1059
1059 1060
1060 1061
1061 1062
1062 1063
1063 1064
1064 1065
1065 1066
1066 1067
1067 1068
1068 1069
1069 1070
1070 1071
1071 1072
1072 1073
1073 1074
1074 1075
1075 1076
1076 1077
1077 1078
1078 1079
1079 1080
1080 1081
1081 1082
1082 1083
1083 1084
1084 1085
1085 1086
1086 1087
1087 1088
1088 1089
1089 1090
1090 1091
1091 1092
1092 1093
1093 1094
1094 1095
1095 1096
1096 1097
1097 1098
1098 1099
1099 1100
1100 1101
1101 1102
1102 1103
1103 1104
1104 1105
1105 1106
1106 1107
1107 1108
1108 1109
1109 1110
1110 1111
1111 1112
1112 1113
1113 1114
1114 1115
1115 1116
1116 1117
1117 1118
1118 1119
1119 1120
1120 1121
1121 1122
1122 1123
1123 1124
1124 1125
1125 1126
1126 1127
1127 1128
1128 1129
1129 1130
1130 1131
1131 1132
1132 1133
1133 1134
1134 1135
1135 1136
1136 1137
1137 1138
1138 1139
1139 1140
1140 1141
1141 1142
1142 1143
1143 1144
1144 1145
1145 1146
1146 1147
1147 1148
1148 1149
1149 1150
1150 1151
1151 1152
1152 1153
1153 1154
1154 1155
1155 1156
1156 1157
1157 1158
1158 1159
1159 1160
1160 1161
1161 1162
1162 1163
1163 1164
1164 1165
1165 1166
1166 1167
1167 1168
1168 1169
1169 1170
1170 1171
1171 1172
1172 1173
1173 1174
1174 1175
1175 1176
1176 1177
1177 1178
1178 1179
1179 1180
1180 1181
1181 1182
1182 1183
1183 1184
1184 1185
1185 1186
1186 1187
1187 1188
1188 1189
1189 1190
1190 1191
1191 1192
1192 1193
1193 1194
1194 1195
1195 1196
1196 1197
1197 1198
1198 1199
1199 1200
1200 1201
1201 1202
1202 1203
1203 1204
1204 1205
1205 1206
1206 1207
1207 1208
1208 1209
1209 1210
1210 1211
1211 1212
1212 1213
1213 1214
1214 1215
1215 1216
1216 1217
1217 1218
1218 1219
1219 1220
1220 1221
1221 1222
1222 1223
1223 1224
1224 1225
1225 1226
1226 1227
1227 1228
1228 1229
1229 1230
1230 1231
1231 1232
1232 1233
1233 1234
1234 1235
1235 1236
1236 1237
1237 1238
1238 1239
1239 1240
1240 1241
1241 1242
1242 1243
1243 1244
1244 1245
1245 1246
1246 1247
1247 1248
1248 1249
1249 1250
1250 1251
1251 1252
1252 1253
1253 1254
1254 1255
1255 1256
1256 1257
1257 1258
1258 1259
1259 1260
1260 1261
1261 1262
1262 1263
1263 1264
1264 1265
1265 1266
1266 1267
1267 1268
1268 1269
1269 1270
1270 1271
1271 1272
1272 1273
1273 1274
1274 1275
1275 1276
1276 1277
1277 1278
1278 1279
1279 1280
1280 1281
1281 1282
1282 1283
1283 1284
1284 1285
1285 1286
1286 1287
1287 1288
1288 1289
1289 1290
1290 1291
1291 1292
1292 1293
1293 1294
1294 1295
1295 1296
1296 1297
1297 1298
1298 1299
1299 1300
1300 1301
1301 1302
1302 1303
1303 1304
1304 1305
1305 1306
1306 1307
1307 1308
1308 1309
1309 1310
1310 1311
1311 1312
1312 1313
1313 1314
1314 1315
1315 1316
1316 1317
1317 1318
1318 1319
1319 1320
1320 1321
1321 1322
1322 1323
1323 1324
1324 1325
1325 1326
1326 1327
1327 1328
1328 1329
1329 1330
1330 1331
1331 1332
1332 1333
1333 1334
1334 1335
1335 1336
1336 1337
1337 1338
1338 1339
1339 1340
1340 1341
1341 1342
1342 1343
1343 1344
1344 1345
1345 1346
1346 1347
1347 1348
1348 1349
1349 1350
1350 1351
1351 1352
1352 1353
1353 1354
1354 1355
1355 1356
1356 1357
1357 1358
1358 1359
1359 1360
1360 1361
1361 1362
1362 1363
1363 1364
1364 1365
1365 1366
1366 1367
1367 1368
1368 1369
1369 1370
1370 1371
1371 1372
1372 1373
1373 1374
1374 1375
1375 1376
1376 1377
1377 1378
1378 1379
1379 1380
1380 1381
1381 1382
1382 1383
1383 1384
1384 1385
1385 1386
1386 1387
1387 1388
1388 1389
1389 1390
1390 1391
1391 1392
1392 1393
1393 1394
1394 1395
1395 1396
1396 1397
1397 1398
1398 1399
1399 1400
1400 1401
1401 1402
1402 1403
1403 1404
1404 1405
1405 1406
1406 1407
1407 1408
1408 1409
1409 1410
1410 1411
1411 1412
1412 1413
1413 1414
1414 1415
1415 1416
1416 1417
1417 1418
1418 1419
1419 1420
1420 1421
1421 1422
1422 1423
1423 1424
1424 1425
1425 1426
1426 1427
1427 1428
1428 1429
1429 1430
1430 1431
1431 1432
1432 1433
1433 1434
1434 1435
1435 1436
1436 1437
1437 1438
1438 1439
1439 1440
1440 1441
1441 1442
1442 1443
1443 1444
1444 1445
1445 1446
1446 1447
1447 1448
1448 1449
1449 1450
1450 1451
1451 1452
1452 1453
1453 1454
1454 1455
1455 1456
1456 1457
1457 1458
1458 1459
1459 1460
1460 1461
1461 1462
1462 1463
1463 1464
1464 1465
1465 1466
1466 1467
1467 1468
1468 1469
1469 1470
1470 1471
1471 1472
1472 1473
1473 1474
1474 1475
1475 1476
1476 1477
1477 1478
1478 1479
1479 1480
1480 1481
1481 1482
1482 1483
1483 1484
1484 1485
1485 1486
1486 1487
1487 1488
1488 1489
1489 1490
1490 1491
1491 1492
1492 1493
1493 1494
1494 1495
1495 1496
1496 1497
1497 1498
1498 1499
1499 1500
1500 1501
1501 1502
1502 1503
1503 1504
1504 1505
1505 1506
1506 1507
1507 1508
1508 1509
1509 1510
1510 1511
1511 1512
1512 1513
1513 1514
1514 1515
1515 1516
1516 1517
1517 1518
1518 1519
1519 1520
1520 1521
1521 1522
1522 1523
1523 1524
1524 1525
1525 1526
1526 1527
1527 1528
1528 1529
1529 1530
1530 1531
1531 1532
1532 1533
1533 1534
1534 1535
1535 1536
1536 1537
1537 1538
1538 1539
1539 1540
1540 1541
1541 1542
1542 1543
1543 1544
1544 1545
1545 1546
1546 1547
1547 1548
1548 1549
1549 1550
1550 1551
1551 1552
1552 1553
1553 1554
1554 1555
1555 1556
1556 1557
1557 1558
1558 1559
1559 1560
1560 1561
1561 1562
1562 1563
1563 1564
1564 1565
1565 1566
1566 1567
1567 1568
1568 1569
1569 1570
1570 1571
1571 1572
1572 1573
1573 1574
1574 1575
1575 1576
1576 1577
1577 1578
1578 1579
1579 1580
1580 1581
1581 1582
1582 1583
1583 1584
1584 1585
1585 1586
1586 1587
1587 1588
1588 1589
1589 1590
1590 1591
1591 1592
1592 1593
1593 1594
1594 1595
1595 1596
1596 1597
1597 1598
1598 1599
1599 1600
1600 1601
1601 1602
1602 1603
1603 1604
1604 1605
1605 1606
1606 1607
1607 1608
1608 1609
1609 1610
1610 1611
1611 1612
1612 1613
1613 1614
1614 1615
1615 1616
1616 1617
1617 1618
1618 1619
1619 1620
1620 1621
1621 1622
1622 1623
1623 1624
1624 1625
1625 1626
1626 1627
1627 1628
1628 1629
1629 1630
1630 1631
1631 1632
1632 1633
1633 1634
1634 1635
1635 1636
1636 1637
1637 1638
1638 1639
1639 1640
1640 1641
1641 1642
1642 1643
1643 1644
1644 1645
1645 1646
1646 1647
1647 1648
1648 1649
1649 1650
1650 1651
1651 1652
1652 1653
1653 1654
1654 1655
1655 1656
1656 1657
1657 1658
1658 1659
1659 1660
1660 1661
1661 1662
1662 1663
1663 1664
1664 1665
1665 1666
1666 1667
1667 1668
1668 1669
1669 1670
1670 1671
1671 1672
1672 1673
1673 1674
1674 1675
1675 1676
1676 1677
1677 1678
1678 1679
1679 1680
1680 1681
1681 1682
1682 1683
1683 1684
1684 1685
1685 1686
1686 1687
1687 1688
1688 1689
1689 1690
1690 1691
1691 1692
1692 1693
1693 1694
1694 1695
1695 1696
1696 1697
1697 1698
1698 1699
1699 1700
1700 1701
1701 1702
1702 1703
1703 1704
1704 1705
1705 1706
1706 1707
1707 1708
1708 1709
1709 1710
1710 1711
1711 1712
1712 1713
1713 1714
1714 1715
1715 1716
1716 1717
1717 1718
1718 1719
1719 1720
1720 1721
1721 1722
1722 1723
1723 1724
1724 1725
1725 1726
1726 1727
1727 1728
1728 1729
1729 1730
1730 1731
1731 1732
1732 1733
1733 1734
1734 1735
1735 1736
1736 1737
1737 1738
1738 1739
1739 1740
1740 1741
1741 1742
1742 1743
1743 1744
1744 1745
1745 1746
1746 1747
1747 1748
1748 1749
1749 1750
1750 1751
1751 1752
1752 1753
1753 1754
1754 1755
1755 1756
1756 1757
1757 1758
1758 1759
1759 1760
1760 1761
1761 1762
1762 1763
1763 1764
1764 1765
1765 1766
1766 1767
1767 1768
1768 1769
1769 1770
1770 1771
1771 1772
1772 1773
1773 1774
1774 1775
1775 1776
1776 1777
1777 1778
1778 1779
1779 1780
1780 1781
1781 1782
1782 1783
1783 1784
1784 1785
1785 1786
1786 1787
1787 1788
1788 1789
1789 1790
1790 1791
1791 1792
1792 1793
1793 1794
1794 1795
1795 1796
1796 1797
1797 1798
1798 1799
1799 1800
1800 1801
1801 1802
1802 1803
1803 1804
1804 1805
1805 1806
1806 1807
1807 1808
1808 1809
1809 1810
1810 1811
1811 1812
1812 1813
1813 1814
1814 1815
1815 1816
1816 1817
1817 1818
1818 1819
1819 1820
1820 1821
1821 1822
1822 1823
1823 1824
1824 1825
1825 1826
1826 1827
1827 1828
1828 1829
1829 1830
1830 1831
1831 1832
1832 1833
1833 1834
1834 1835
1835 1836
1836 1837
1837 1838
1838 1839
1839 1840
1840 1841
1841 1842
1842 1843
1843 1844
1844 1845
1845 1846
1846 1847
1847 1848
1848 1849
1849 1850
1850 1851
1851 1852
1852 1853
1853 1854
1854 1855
1855 1856
1856 1857
1857 1858
1858 1859
1859 1860
1860 1861
1861 1862
1862 1863
1863 1864
1864 1865
1865 1866
1866 1867
1867 1868
1868 1869
1869 1870
1870 1871
1871 1872
1872 1873
1873 1874
1874 1875
1875 1876
1876 1877
1877 1878
1878 1879
1879 1880
1880 1881
1881 1882
1882 1883
1883 1884
1884 1885
1885 1886
1886 1887
1887 1888
1888 1889
1889 1890
1890 1891
1891 1892
1892 1893
1893 1894
1894 1895
1895 1896
1896 1897
1897 1898
1898 1899
1899 1900
1900 1901
1901 1902
1902 1903
1903 1904
1904 1905
1905 1906
1906 1907
1907 1908
1908 1909
1909 1910
1910 1911
1911 1912
1912 1913
1913 1914
1914 1915
1915 1916
1916 1917
1917 1918
1918 1919
1919 1920
1920 1921
1921 1922
1922 1923
1923 1924
1924 1925
1925 1926
1926 1927
1927 1928
1928 1929
1929 1930
1930 1931
1931 1932
1932 1933
1933 1934
1934 1935
1935 1936
1936 1937
1937 1938
1938 1939
1939 1940
1940 1941
1941 1942
1942 1943
1943 1944
1944 1945
1945 1946
1946 1947
1947 1948
1948 1949
1949 1950
1950 1951
1951 1952
1952 1953
1953 1954
1954 1955
1955 1956
1956 1957
1957 1958
1958 1959
1959 1960
1960 1961
1961 1962
1962 1963
1963 1964
1964 1965
1965 1966
1966 1967
1967 1968
1968 1969
1969 1970
1970 1971
1971 1972
1972 1973
1973 1974
1974 1975
1975 1976
1976 1977
1977 1978
1978 1979
1979 1980
1980 1981
1981 1982
1982 1983
1983 1984
1984 1985
1985 1986
1986 1987
1987 1988
1988 1989
1989 1990
1990 1991
1991 1992
1992 1993
1993 1994
1994 1995
1995 1996
1996 1997
1997 1998
1998 1999
1999 2000
2000 2001
2001 2002
2001 2003
2000 2004
2002 2005
2001 2006
2006 2007
2001 2008
2002 2009
2003 2010
2003 2011
2005 2012
2004 2013
2008 2014
2010 2015
2000 2016
2015 2017
2010 2018
2000 2019
2018 2020
2005 2021
2019 2022
2020 2023
2003 2024
2006 2025
2013 2026
2026 2027
2024 2028
2021 2029
2021 2030
2003 2031
2011 2032
2016 2033
2003 2034
2016 2035
2007 2036
2020 2037
2024 2038
2014 2039
2024 2040
2022 2041
2010 2042
2022 2043
2031 2044
2028 2045
2018 2046
2030 2047
2042 2048
2038 2049
2043 2050
2041 2051
2014 2052
2028 2053
2006 2054
2034 2055
2044 2056
2014 2057
2014 2058
2058 2059
2003 2060
2052 2061
2030 2062
2012 2063
2019 2064
2019 2065
2056 2066
2000 2067
2053 2068
2042 2069
2017 2070
2045 2071
2016 2072
2042 2073
2013 2074
2050 2075
2043 2076
2062 2077
2030 2078
2019 2079
2026 2080
2025 2081
2054 2082
2053 2083
2081 2084
2062 2085
2030 2086
2084 2087
2044 2088
2076 2089
2020 2090
2042 2091
2038 2092
2050 2093
2082 2094
2073 2095
2015 2096
2025 2097
2074 2098
2060 2099
2049 2100
2058 2101
2042 2102
2077 2103
2053 2104
2033 2105
2066 2106
2056 2107
2045 2108
2022 2109
2044 2110
2067 2111
2013 2112
2061 2113
2029 2114
2091 2115
2028 2116
2057 2117
2072 2118
2017 2119
2048 2120
2036 2121
2002 2122
2083 2123
2108 2124
2060 2125
2105 2126
2061 2127
2102 2128
2014 2129
2048 2130
2057 2131
2073 2132
2132 2133
2015 2134
2052 2135
2014 2136
2028 2137
2130 2138
2102 2139
2095 2140
2042 2141
2082 2142
2068 2143
2127 2144
2051 2145
2023 2146
2119 2147
2013 2148
2033 2149
2054 2150
2127 2151
2090 2152
2030 2153
2117 2154
2154 2155
2072 2156
2142 2157
2076 2158
2114 2159
2052 2160
2131 2161
2069 2162
2031 2163
2063 2164
2041 2165
2023 2166
2019 2167
2037 2168
2128 2169
2081 2170
2146 2171
2152 2172
2010 2173
2165 2174
2143 2175
2000 2176
2127 2177
2094 2178
2102 2179
2095 2180
2005 2181
2103 2182
2021 2183
2032 2184
2015 2185
2112 2186
2149 2187
2129 2188
2081 2189
2172 2190
2119 2191
2000 2192
2150 2193
2000 2194
2036 2195
2068 2196
2178 2197
2159 2198
2071 2199
2038 2200
2123 2201
2072 2202
2190 2203
2073 2204
2171 2205
2001 2206
2047 2207
2030 2208
2175 2209
2126 2210
2041 2211
2168 2212
2134 2213
2147 2214
2107 2215
2159 2216
2020 2217
2180 2218
2080 2219
2107 2220
2068 2221
2045 2222
2091 2223
2143 2224
2027 2225
2142 2226
2094 2227
2201 2228
2172 2229
2142 2230
2040 2231
2003 2232
2126 2233
2039 2234
2156 2235
2155 2236
2103 2237
2040 2238
2029 2239
2222 2240
2071 2241
2008 2242
2043 2243
2154 2244
2071 2245
2123 2246
2193 2247
2112 2248
2202 2249
2156 2250
2183 2251
2049 2252
2035 2253
2101 2254
2216 2255
2214 2256
2130 2257
2074 2258
2221 2259
2125 2260
2097 2261
2157 2262
2036 2263
2009 2264
2236 2265
2039 2266
2103 2267
2036 2268
2051 2269
2083 2270
2018 2271
2209 2272
2207 2273
2125 2274
2160 2275
2080 2276
2004 2277
2018 2278
2008 2279
2043 2280
2213 2281
2001 2282
2053 2283
2017 2284
2180 2285
2043 2286
2147 2287
2201 2288
2271 2289
2208 2290
2182 2291
2283 2292
2231 2293
2129 2294
2273 2295
2184 2296
2056 2297
2159 2298
2088 2299
2042 2300
2194 2301
2052 2302
2146 2303
2201 2304
2166 2305
2147 2306
2104 2307
2289 2308
2263 2309
2215 2310
2262 2311
2077 2312
2199 2313
2160 2314
2146 2315
2152 2316
2306 2317
2053 2318
2212 2319
2290 2320
2084 2321
2288 2322
2298 2323
2107 2324
2219 2325
2212 2326
2114 2327
2228 2328
2144 2329
2104 2330
2024 2331
2058 2332
2319 2333
2085 2334
2185 2335
2147 2336
2029 2337
2210 2338
2311 2339
2006 2340
2020 2341
2153 2342
2172 2343
2184 2344
2013 2345
2308 2346
2205 2347
2146 2348
2161 2349
2005 2350
2330 2351
2059 2352
2272 2353
2159 2354
2115 2355
2027 2356
2098 2357
2355 2358
2251 2359
2006 2360
2035 2361
2034 2362
2074 2363
2218 2364
2291 2365
2227 2366
2275 2367
2155 2368
2112 2369
2327 2370
2185 2371
2047 2372
2312 2373
2046 2374
2036 2375
2218 2376
2246 2377
2235 2378
2377 2379
2317 2380
2224 2381
2298 2382
2004 2383
2066 2384
2382 2385
2119 2386
2300 2387
2076 2388
2283 2389
2264 2390
2182 2391
2211 2392
2285 2393
2105 2394
2144 2395
2163 2396
2120 2397
2314 2398
2204 2399
2040 2400
2019 2401
2144 2402
2037 2403
2169 2404
2014 2405
2005 2406
2117 2407
2153 2408
2201 2409
2268 2410
2020 2411
2284 2412
2079 2413
2128 2414
2149 2415
2276 2416
2149 2417
2132 2418
2174 2419
2310 2420
2120 2421
2136 2422
2102 2423
2148 2424
2171 2425
2339 2426
2038 2427
2074 2428
2167 2429
2140 2430
2355 2431
2064 2432
2085 2433
2235 2434
2256 2435
2415 2436
2371 2437
2274 2438
2010 2439
2071 2440
2334 2441
2388 2442
2154 2443
2147 2444
2305 2445
2273 2446
2300 2447
2108 2448
2047 2449
2087 2450
2231 2451
2167 2452
2049 2453
2161 2454
2215 2455
2277 2456
2092 2457
2015 2458
2132 2459
2179 2460
2124 2461
2045 2462
2458 2463
2267 2464
2404 2465
2055 2466
2248 2467
2017 2468
2043 2469
2041 2470
2304 2471
2460 2472
2430 2473
2196 2474
2176 2475
2262 2476
2055 2477
2074 2478
2344 2479
2294 2480
2345 2481
2156 2482
2111 2483
2040 2484
2410 2485
2343 2486
2360 2487
2045 2488
2452 2489
2400 2490
2316 2491
2061 2492
2132 2493
2103 2494
2458 2495
2002 2496
2390 2497
2112 2498
2425 2499
2136 2500
2000 2501
2019 2502
2353 2503
2058 2504
2486 2505
2008 2506
2473 2507
2208 2508
2247 2509
2115 2510
2041 2511
2415 2512
2484 2513
2318 2514
2494 2515
2283 2516
2395 2517
2277 2518
2347 2519
2339 2520
2135 2521
2061 2522
2271 2523
2014 2524
2450 2525
2340 2526
2458 2527
2390 2528
2326 2529
2037 2530
2039 2531
2091 2532
2525 2533
2361 2534
2211 2535
2385 2536
2033 2537
2192 2538
2310 2539
2120 2540
2280 2541
2235 2542
2455 2543
2431 2544
2003 2545
2443 2546
2539 2547
2089 2548
2531 2549
2353 2550
2193 2551
2161 2552
2000 2553
2156 2554
2450 2555
2003 2556
2262 2557
2238 2558
2297 2559
2338 2560
2361 2561
2167 2562
2434 2563
2091 2564
2473 2565
2557 2566
2490 2567
2507 2568
2257 2569
2068 2570
2213 2571
2091 2572
2525 2573
2443 2574
2385 2575
2123 2576
2476 2577
2440 2578
2182 2579
2504 2580
2548 2581
2502 2582
2083 2583
2333 2584
2461 2585
2466 2586
2010 2587
2461 2588
2025 2589
2374 2590
2027 2591
2237 2592
2273 2593
2370 2594
2221 2595
2531 2596
2297 2597
2403 2598
2210 2599
2406 2600
2351 2601
2258 2602
2526 2603
2450 2604
2273 2605
2559 2606
2582 2607
2124 2608
2480 2609
2564 2610
2020 2611
2360 2612
2050 2613
2077 2614
2339 2615
2188 2616
2233 2617
2436 2618
2191 2619
2484 2620
2174 2621
2599 2622
2170 2623
2040 2624
2021 2625
2125 2626
2165 2627
2358 2628
2021 2629
2457 2630
2623 2631
2006 2632
2288 2633
2094 2634
2255 2635
2569 2636
2121 2637
2037 2638
2139 2639
2581 2640
2594 2641
2267 2642
2385 2643
2507 2644
2601 2645
2103 2646
2128 2647
2391 2648
2427 2649
2213 2650
2072 2651
2308 2652
2398 2653
2645 2654
2182 2655
2271 2656
2525 2657
2195 2658
2226 2659
2601 2660
2333 2661
2392 2662
2541 2663
2318 2664
2541 2665
2236 2666
2241 2667
2451 2668
2071 2669
2093 2670
2284 2671
2367 2672
2603 2673
2155 2674
2337 2675
2414 2676
2653 2677
2611 2678
2537 2679
2625 2680
2333 2681
2062 2682
2081 2683
2065 2684
2030 2685
2089 2686
2422 2687
2420 2688
2221 2689
2234 2690
2163 2691
2671 2692
2399 2693
2595 2694
2649 2695
2441 2696
2588 2697
2644 2698
2047 2699
2203 2700
2312 2701
2438 2702
2453 2703
2373 2704
2655 2705
2266 2706
2151 2707
2365 2708
2579 2709
2102 2710
2054 2711
2571 2712
2710 2713
2419 2714
2303 2715
2171 2716
2652 2717
2673 2718
2477 2719
2545 2720
2439 2721
2422 2722
2344 2723
2482 2724
2236 2725
2407 2726
2302 2727
2591 2728
2417 2729
2523 2730
2138 2731
2356 2732
2495 2733
2154 2734
2417 2735
2266 2736
2334 2737
2146 2738
2009 2739
2095 2740
2118 2741
2364 2742
2514 2743
2036 2744
2208 2745
2284 2746
2176 2747
2737 2748
2301 2749
2101 2750
2551 2751
2290 2752
2476 2753
2006 2754
2704 2755
2749 2756
2386 2757
2121 2758
2054 2759
2010 2760
2687 2761
2121 2762
2400 2763
2449 2764
2268 2765
2739 2766
2513 2767
2199 2768
2614 2769
2333 2770
2434 2771
2404 2772
2605 2773
2115 2774
2667 2775
2521 2776
2469 2777
2398 2778
2262 2779
2286 2780
2215 2781
2298 2782
2456 2783
2618 2784
2298 2785
2120 2786
2375 2787
2331 2788
2564 2789
2311 2790
2075 2791
2082 2792
2184 2793
2686 2794
2405 2795
2197 2796
2536 2797
2230 2798
2105 2799
2704 2800
2595 2801
2746 2802
2198 2803
2284 2804
2488 2805
2367 2806
2516 2807
2475 2808
2301 2809
2405 2810
2706 2811
2504 2812
2023 2813
2518 2814
2461 2815
2560 2816
2774 2817
2405 2818
2497 2819
2560 2820
2593 2821
2484 2822
2003 2823
2483 2824
2158 2825
2616 2826
2369 2827
2237 2828
2156 2829
2486 2830
2374 2831
2143 2832
2025 2833
2212 2834
2767 2835
2507 2836
2609 2837
2573 2838
2481 2839
2057 2840
2507 2841
2271 2842
2133 2843
2365 2844
2125 2845
2130 2846
2100 2847
2652 2848
2451 2849
2286 2850
2642 2851
2796 2852
2699 2853
2228 2854
2106 2855
2553 2856
2027 2857
2709 2858
2095 2859
2102 2860
2249 2861
2481 2862
2528 2863
2250 2864
2127 2865
2496 2866
2641 2867
2517 2868
2675 2869
2415 2870
2557 2871
2230 2872
2631 2873
2685 2874
2297 2875
2118 2876
2495 2877
2331 2878
2639 2879
2353 2880
2148 2881
2674 2882
2450 2883
2862 2884
2336 2885
2831 2886
2460 2887
2231 2888
2416 2889
2829 2890
2169 2891
2402 2892
2224 2893
2689 2894
2480 2895
2865 2896
2028 2897
2339 2898
2458 2899
2174 2900
2726 2901
2863 2902
2504 2903
2378 2904
2011 2905
2686 2906
2507 2907
2836 2908
2845 2909
2399 2910
2717 2911
2633 2912
2714 2913
2140 2914
2395 2915
2402 2916
2071 2917
2499 2918
2907 2919
2848 2920
2878 2921
2023 2922
2752 2923
2623 2924
2341 2925
2318 2926
2142 2927
2834 2928
2911 2929
2508 2930
2866 2931
2336 2932
2339 2933
2132 2934
2208 2935
2925 2936
2635 2937
2537 2938
2858 2939
2688 2940
2386 2941
2437 2942
2268 2943
2493 2944
2791 2945
2243 2946
2070 2947
2606 2948
2605 2949
2540 2950
2598 2951
2915 2952
2113 2953
2262 2954
2289 2955
2405 2956
2785 2957
2753 2958
2536 2959
2112 2960
2604 2961
2613 2962
2229 2963
2702 2964
2276 2965
2348 2966
2535 2967
2433 2968
2765 2969
2793 2970
2000 2971
2192 2972
2170 2973
2557 2974
2393 2975
2524 2976
2221 2977
2432 2978
2299 2979
2960 2980
2134 2981
2268 2982
2649 2983
2687 2984
2001 2985
2813 2986
2037 2987
2911 2988
2070 2989
2609 2990
2524 2991
2572 2992
2853 2993
2150 2994
2718 2995
2591 2996
2962 2997
2115 2998
2647 2999
2660 3000
