50
1 2
1 3
1 4
3 5
3 6
1 7
1 8
3 9
2 10
7 11
2 12
2 13
2 14
3 15
2 16
1 17
17 18
1 19
13 20
11 21
17 22
2 23
20 24
5 25
8 26
22 27
2 28
5 29
16 30
17 31
21 32
13 33
5 34
27 35
21 36
11 37
28 38
19 39
34 40
9 41
21 42
3 43
16 44
3 45
33 46
40 47
33 48
14 49
5 50
1 2
1 3
2 4
1 5
1 6
3 7
4 8
7 9
8 10
7 11
5 12
12 13
10 14
5 15
2 16
4 17
17 18
10 19
13 20
9 21
18 22
6 23
1 24
11 25
16 26
1 27
19 28
28 29
14 30
9 31
16 32
13 33
5 34
19 35
23 36
31 37
8 38
8 39
23 40
17 41
24 42
4 43
18 44
41 45
29 46
21 47
31 48
18 49
8 50
39 51
38 52
2 53
18 54
38 55
53 56
35 57
56 58
36 59
33 60
57 61
4 62
37 63
16 64
3 65
7 66
31 67
12 68
30 69
68 70
8 71
20 72
47 73
27 74
29 75
4 76
6 77
62 78
52 79
48 80
27 81
20 82
73 83
10 84
6 85
28 86
63 87
22 88
18 89
88 90
74 91
70 92
47 93
48 94
80 95
14 96
92 97
86 98
28 99
80 100
49 101
37 102
13 103
4 104
21 105
59 106
40 107
24 108
98 109
82 110
10 111
85 112
17 113
103 114
42 115
48 116
15 117
114 118
57 119
103 120
47 121
33 122
99 123
50 124
107 125
91 126
75 127
76 128
14 129
60 130
28 131
31 132
7 133
109 134
48 135
3 136
116 137
118 138
50 139
121 140
74 141
6 142
20 143
32 144
103 145
19 146
65 147
58 148
15 149
95 150
20 151
29 152
125 153
47 154
143 155
57 156
124 157
100 158
59 159
12 160
32 161
110 162
156 163
126 164
22 165
28 166
60 167
101 168
124 169
101 170
103 171
159 172
108 173
96 174
146 175
69 176
81 177
177 178
149 179
170 180
94 181
150 182
91 183
68 184
103 185
81 186
47 187
94 188
175 189
13 190
34 191
119 192
79 193
5 194
90 195
133 196
67 197
151 198
90 199
179 200
30 201
166 202
130 203
47 204
87 205
189 206
41 207
170 208
63 209
58 210
113 211
125 212
103 213
112 214
127 215
155 216
127 217
78 218
35 219
167 220
195 221
166 222
99 223
201 224
47 225
122 226
75 227
201 228
164 229
69 230
151 231
53 232
204 233
221 234
229 235
30 236
132 237
86 238
6 239
32 240
24 241
60 242
5 243
32 244
194 245
1 246
91 247
16 248
12 249
83 250
41 251
3 252
213 253
39 254
19 255
115 256
87 257
133 258
186 259
258 260
110 261
187 262
223 263
91 264
163 265
150 266
92 267
227 268
12 269
227 270
26 271
202 272
43 273
52 274
262 275
124 276
61 277
180 278
168 279
94 280
98 281
179 282
107 283
115 284
121 285
253 286
76 287
188 288
258 289
161 290
282 291
47 292
79 293
245 294
68 295
47 296
197 297
277 298
27 299
299 300
26 301
146 302
74 303
287 304
239 305
277 306
205 307
287 308
22 309
184 310
222 311
254 312
173 313
186 314
303 315
79 316
190 317
162 318
183 319
199 320
297 321
266 322
197 323
45 324
192 325
311 326
133 327
42 328
125 329
268 330
87 331
101 332
244 333
176 334
37 335
234 336
222 337
281 338
62 339
283 340
269 341
339 342
312 343
303 344
9 345
189 346
192 347
140 348
257 349
1 350
330 351
39 352
129 353
128 354
281 355
152 356
232 357
156 358
302 359
310 360
300 361
251 362
152 363
359 364
6 365
356 366
27 367
117 368
199 369
194 370
352 371
307 372
322 373
329 374
54 375
106 376
44 377
123 378
219 379
112 380
311 381
232 382
170 383
86 384
240 385
377 386
331 387
196 388
250 389
361 390
325 391
313 392
245 393
330 394
247 395
124 396
364 397
270 398
119 399
77 400
222 401
277 402
332 403
165 404
93 405
157 406
67 407
98 408
13 409
350 410
394 411
408 412
288 413
411 414
113 415
149 416
53 417
172 418
110 419
253 420
278 421
66 422
283 423
169 424
307 425
73 426
317 427
245 428
229 429
357 430
348 431
250 432
222 433
254 434
192 435
175 436
77 437
82 438
167 439
365 440
431 441
392 442
170 443
243 444
389 445
239 446
277 447
314 448
432 449
220 450
424 451
411 452
229 453
64 454
117 455
30 456
76 457
396 458
97 459
45 460
416 461
66 462
179 463
49 464
385 465
452 466
177 467
319 468
16 469
79 470
36 471
467 472
449 473
397 474
382 475
50 476
60 477
462 478
16 479
464 480
23 481
266 482
266 483
369 484
345 485
83 486
409 487
20 488
295 489
437 490
430 491
317 492
257 493
436 494
296 495
36 496
443 497
296 498
383 499
307 500
221 501
257 502
347 503
267 504
244 505
230 506
487 507
186 508
68 509
504 510
459 511
364 512
442 513
398 514
109 515
143 516
464 517
77 518
387 519
335 520
324 521
426 522
415 523
496 524
335 525
227 526
269 527
358 528
260 529
77 530
472 531
401 532
395 533
321 534
8 535
258 536
301 537
469 538
57 539
384 540
419 541
64 542
476 543
500 544
437 545
477 546
301 547
459 548
117 549
62 550
250 551
535 552
195 553
262 554
334 555
8 556
213 557
333 558
392 559
379 560
122 561
82 562
377 563
390 564
203 565
153 566
276 567
97 568
296 569
128 570
196 571
342 572
291 573
303 574
401 575
561 576
71 577
527 578
38 579
471 580
540 581
153 582
123 583
468 584
410 585
211 586
56 587
275 588
482 589
139 590
469 591
118 592
97 593
333 594
77 595
44 596
241 597
298 598
15 599
98 600
155 601
299 602
358 603
166 604
332 605
549 606
118 607
486 608
388 609
333 610
476 611
42 612
325 613
139 614
49 615
562 616
224 617
452 618
167 619
22 620
570 621
246 622
275 623
208 624
518 625
426 626
194 627
616 628
506 629
217 630
102 631
355 632
56 633
166 634
33 635
96 636
455 637
104 638
467 639
350 640
494 641
205 642
379 643
191 644
437 645
321 646
319 647
187 648
152 649
247 650
125 651
632 652
341 653
581 654
535 655
87 656
348 657
537 658
430 659
4 660
571 661
540 662
450 663
382 664
59 665
534 666
308 667
432 668
267 669
540 670
145 671
201 672
663 673
45 674
644 675
491 676
60 677
642 678
595 679
142 680
60 681
171 682
286 683
378 684
615 685
638 686
472 687
504 688
152 689
169 690
97 691
623 692
161 693
456 694
390 695
215 696
396 697
615 698
652 699
284 700
504 701
120 702
85 703
408 704
350 705
696 706
691 707
363 708
696 709
33 710
385 711
668 712
506 713
188 714
324 715
545 716
33 717
366 718
171 719
644 720
435 721
692 722
166 723
682 724
452 725
158 726
4 727
161 728
527 729
686 730
510 731
227 732
723 733
609 734
603 735
417 736
81 737
700 738
448 739
121 740
435 741
342 742
72 743
413 744
699 745
487 746
202 747
734 748
398 749
577 750
247 751
566 752
690 753
148 754
525 755
597 756
532 757
422 758
722 759
466 760
512 761
400 762
31 763
507 764
447 765
331 766
570 767
335 768
766 769
133 770
741 771
3 772
653 773
540 774
751 775
753 776
569 777
387 778
92 779
235 780
22 781
713 782
152 783
559 784
738 785
368 786
564 787
688 788
332 789
100 790
473 791
332 792
731 793
537 794
243 795
339 796
125 797
658 798
97 799
377 800
201 801
356 802
270 803
459 804
174 805
449 806
190 807
192 808
471 809
249 810
534 811
215 812
7 813
764 814
321 815
186 816
722 817
631 818
408 819
181 820
274 821
728 822
224 823
816 824
164 825
476 826
210 827
369 828
606 829
191 830
571 831
561 832
470 833
554 834
529 835
335 836
424 837
143 838
511 839
9 840
332 841
246 842
13 843
209 844
3 845
843 846
380 847
611 848
821 849
490 850
521 851
380 852
233 853
573 854
831 855
322 856
728 857
228 858
52 859
188 860
393 861
264 862
8 863
302 864
573 865
377 866
839 867
626 868
766 869
73 870
638 871
378 872
387 873
664 874
275 875
85 876
187 877
761 878
85 879
568 880
32 881
214 882
215 883
261 884
554 885
517 886
863 887
694 888
256 889
472 890
482 891
514 892
137 893
47 894
556 895
430 896
809 897
546 898
112 899
394 900
405 901
756 902
856 903
732 904
731 905
859 906
551 907
177 908
315 909
76 910
403 911
693 912
239 913
435 914
566 915
911 916
566 917
458 918
167 919
32 920
66 921
632 922
187 923
880 924
650 925
487 926
455 927
927 928
724 929
857 930
820 931
927 932
54 933
156 934
181 935
317 936
798 937
521 938
361 939
316 940
887 941
211 942
696 943
357 944
660 945
930 946
74 947
541 948
824 949
57 950
844 951
43 952
683 953
489 954
218 955
913 956
370 957
795 958
916 959
683 960
716 961
424 962
939 963
72 964
389 965
218 966
539 967
144 968
399 969
497 970
180 971
43 972
475 973
178 974
63 975
530 976
320 977
255 978
548 979
473 980
770 981
251 982
275 983
301 984
693 985
207 986
123 987
922 988
894 989
817 990
120 991
949 992
576 993
232 994
866 995
495 996
499 997
110 998
70 999
999 1000
1000 1001
1001 1002
1002 1003
1003 1004
1004 1005
1005 1006
1006 1007
1007 1008
1008 1009
1009 1010
1010 1011
1011 1012
1012 1013
1013 1014
1014 1015
1015 1016
1016 1017
1017 1018
1018 1019
1019 1020
1020 1021
1021 1022
1022 1023
1023 1024
1024 1025
1025 1026
1026 1027
1027 1028
1028 1029
1029 1030
1030 1031
1031 1032
1032 1033
1033 1034
1034 1035
1035 1036
1036 1037
1037 1038
1038 1039
1039 1040
1040 1041
1041 1042
1042 1043
1043 1044
1044 1045
1045 1046
1046 1047
1047 1048
1048 1049
1049 1050
1050 1051
1051 1052
1052 1053
1053 1054
1054 1055
1055 1056
1056 1057
1057 1058
1058 1059
1059 1060
1060 1061
1061 1062
1062 1063
1063 1064
1064 1065
1065 1066
1066 1067
1067 1068
1068 1069
1069 1070
1070 1071
1071 1072
1072 1073
1073 1074
1074 1075
1075 1076
1076 1077
1077 1078
1078 1079
1079 1080
1080 1081
1081 1082
1082 1083
1083 1084
1084 1085
1085 1086
1086 1087
1087 1088
1088 1089
1089 1090
1090 1091
1091 1092
1092 1093
1093 1094
1094 1095
1095 1096
1096 1097
1097 1098
1098 1099
1099 1100
1100 1101
1101 1102
1102 1103
1103 1104
1104 1105
1105 1106
1106 1107
1107 1108
1108 1109
1109 1110
1110 1111
1111 1112
1112 1113
1113 1114
1114 1115
1115 1116
1116 1117
1117 1118
1118 1119
1119 1120
1120 1121
1121 1122
1122 1123
1123 1124
1124 1125
1125 1126
1126 1127
1127 1128
1128 1129
1129 1130
1130 1131
1131 1132
1132 1133
1133 1134
1134 1135
1135 1136
1136 1137
1137 1138
1138 1139
1139 1140
1140 1141
1141 1142
1142 1143
1143 1144
1144 1145
1145 1146
1146 1147
1147 1148
1148 1149
1149 1150
1150 1151
1151 1152
1152 1153
1153 1154
1154 1155
1155 1156
1156 1157
1157 1158
1158 1159
1159 1160
1160 1161
1161 1162
1162 1163
1163 1164
1164 1165
1165 1166
1166 1167
1167 1168
1168 1169
1169 1170
1170 1171
1171 1172
1172 1173
1173 1174
1174 1175
1175 1176
1176 1177
1177 1178
1178 1179
1179 1180
1180 1181
1181 1182
1182 1183
1183 1184
1184 1185
1185 1186
1186 1187
1187 1188
1188 1189
1189 1190
1190 1191
1191 1192
1192 1193
1193 1194
1194 1195
1195 1196
1196 1197
1197 1198
1198 1199
1199 1200
1200 1201
1201 1202
1202 1203
1203 1204
1204 1205
1205 1206
1206 1207
1207 1208
1208 1209
1209 1210
1210 1211
1211 1212
1212 1213
1213 1214
1214 1215
1215 1216
1216 1217
1217 1218
1218 1219
1219 1220
1220 1221
1221 1222
1222 1223
1223 1224
1224 1225
1225 1226
1226 1227
1227 1228
1228 1229
1229 1230
1230 1231
1231 1232
1232 1233
1233 1234
1234 1235
1235 1236
1236 1237
1237 1238
1238 1239
1239 1240
1240 1241
1241 1242
1242 1243
1243 1244
1244 1245
1245 1246
1246 1247
1247 1248
1248 1249
1249 1250
1250 1251
1251 1252
1252 1253
1253 1254
1254 1255
1255 1256
1256 1257
1257 1258
1258 1259
1259 1260
1260 1261
1261 1262
1262 1263
1263 1264
1264 1265
1265 1266
1266 1267
1267 1268
1268 1269
1269 1270
1270 1271
1271 1272
1272 1273
1273 1274
1274 1275
1275 1276
1276 1277
1277 1278
1278 1279
1279 1280
1280 1281
1281 1282
1282 1283
1283 1284
1284 1285
1285 1286
1286 1287
1287 1288
1288 1289
1289 1290
1290 1291
1291 1292
1292 1293
1293 1294
1294 1295
1295 1296
1296 1297
1297 1298
1298 1299
1299 1300
1300 1301
1301 1302
1302 1303
1303 1304
1304 1305
1305 1306
1306 1307
1307 1308
1308 1309
1309 1310
1310 1311
1311 1312
1312 1313
1313 1314
1314 1315
1315 1316
1316 1317
1317 1318
1318 1319
1319 1320
1320 1321
1321 1322
1322 1323
1323 1324
1324 1325
1325 1326
1326 1327
1327 1328
1328 1329
1329 1330
1330 1331
1331 1332
1332 1333
1333 1334
1334 1335
1335 1336
1336 1337
1337 1338
1338 1339
1339 1340
1340 1341
1341 1342
1342 1343
1343 1344
1344 1345
1345 1346
1346 1347
1347 1348
1348 1349
1349 1350
1350 1351
1351 1352
1352 1353
1353 1354
1354 1355
1355 1356
1356 1357
1357 1358
1358 1359
1359 1360
1360 1361
1361 1362
1362 1363
1363 1364
1364 1365
1365 1366
1366 1367
1367 1368
1368 1369
1369 1370
1370 1371
1371 1372
1372 1373
1373 1374
1374 1375
1375 1376
1376 1377
1377 1378
1378 1379
1379 1380
1380 1381
1381 1382
1382 1383
1383 1384
1384 1385
1385 1386
1386 1387
1387 1388
1388 1389
1389 1390
1390 1391
1391 1392
1392 1393
1393 1394
1394 1395
1395 1396
1396 1397
1397 1398
1398 1399
1399 1400
1400 1401
1401 1402
1402 1403
1403 1404
1404 1405
1405 1406
1406 1407
1407 1408
1408 1409
1409 1410
1410 1411
1411 1412
1412 1413
1413 1414
1414 1415
1415 1416
1416 1417
1417 1418
1418 1419
1419 1420
1420 1421
1421 1422
1422 1423
1423 1424
1424 1425
1425 1426
1426 1427
1427 1428
1428 1429
1429 1430
1430 1431
1431 1432
1432 1433
1433 1434
1434 1435
1435 1436
1436 1437
1437 1438
1438 1439
1439 1440
1440 1441
1441 1442
1442 1443
1443 1444
1444 1445
1445 1446
1446 1447
1447 1448
1448 1449
1449 1450
1450 1451
1451 1452
1452 1453
1453 1454
1454 1455
1455 1456
1456 1457
1457 1458
1458 1459
1459 1460
1460 1461
1461 1462
1462 1463
1463 1464
1464 1465
1465 1466
1466 1467
1467 1468
1468 1469
1469 1470
1470 1471
1471 1472
1472 1473
1473 1474
1474 1475
1475 1476
1476 1477
1477 1478
1478 1479
1479 1480
1480 1481
1481 1482
1482 1483
1483 1484
1484 1485
1485 1486
1486 1487
1487 1488
1488 1489
1489 1490
1490 1491
1491 1492
1492 1493
1493 1494
1494 1495
1495 1496
1496 1497
1497 1498
1498 1499
1499 1500
1500 1501
1501 1502
1502 1503
1503 1504
1504 1505
1505 1506
1506 1507
1507 1508
1508 1509
1509 1510
1510 1511
1511 1512
1512 1513
1513 1514
1514 1515
1515 1516
1516 1517
1517 1518
1518 1519
1519 1520
1520 1521
1521 1522
1522 1523
1523 1524
1524 1525
1525 1526
1526 1527
1527 1528
1528 1529
1529 1530
1530 1531
1531 1532
1532 1533
1533 1534
1534 1535
1535 1536
1536 1537
1537 1538
1538 1539
1539 1540
1540 1541
1541 1542
1542 1543
1543 1544
1544 1545
1545 1546
1546 1547
1547 1548
1548 1549
1549 1550
1550 1551
1551 1552
1552 1553
1553 1554
1554 1555
1555 1556
1556 1557
1557 1558
1558 1559
1559 1560
1560 1561
1561 1562
1562 1563
1563 1564
1564 1565
1565 1566
1566 1567
1567 1568
1568 1569
1569 1570
1570 1571
1571 1572
1572 1573
1573 1574
1574 1575
1575 1576
1576 1577
1577 1578
1578 1579
1579 1580
1580 1581
1581 1582
1582 1583
1583 1584
1584 1585
1585 1586
1586 1587
1587 1588
1588 1589
1589 1590
1590 1591
1591 1592
1592 1593
1593 1594
1594 1595
1595 1596
1596 1597
1597 1598
1598 1599
1599 1600
1600 1601
1601 1602
1602 1603
1603 1604
1604 1605
1605 1606
1606 1607
1607 1608
1608 1609
1609 1610
1610 1611
1611 1612
1612 1613
1613 1614
1614 1615
1615 1616
1616 1617
1617 1618
1618 1619
1619 1620
1620 1621
1621 1622
1622 1623
1623 1624
1624 1625
1625 1626
1626 1627
1627 1628
1628 1629
1629 1630
1630 1631
1631 1632
1632 1633
1633 1634
1634 1635
1635 1636
1636 1637
1637 1638
1638 1639
1639 1640
1640 1641
1641 1642
1642 1643
1643 1644
1644 1645
1645 1646
1646 1647
1647 1648
1648 1649
1649 1650
1650 1651
1651 1652
1652 1653
1653 1654
1654 1655
1655 1656
1656 1657
1657 1658
1658 1659
1659 1660
1660 1661
1661 1662
1662 1663
1663 1664
1664 1665
1665 1666
1666 1667
1667 1668
1668 1669
1669 1670
1670 1671
1671 1672
1672 1673
1673 1674
1674 1675
1675 1676
1676 1677
1677 1678
1678 1679
1679 1680
1680 1681
1681 1682
1682 1683
1683 1684
1684 1685
1685 1686
1686 1687
1687 1688
1688 1689
1689 1690
1690 1691
1691 1692
1692 1693
1693 1694
1694 1695
1695 1696
1696 1697
1697 1698
1698 1699
1699 1700
1700 1701
1701 1702
1702 1703
1703 1704
1704 1705
1705 1706
1706 1707
1707 1708
1708 1709
1709 1710
1710 1711
1711 1712
1712 1713
1713 1714
1714 1715
1715 1716
1716 1717
1717 1718
1718 1719
1719 1720
1720 1721
1721 1722
1722 1723
1723 1724
1724 1725
1725 1726
1726 1727
1727 1728
1728 1729
1729 1730
1730 1731
1731 1732
1732 1733
1733 1734
1734 1735
1735 1736
1736 1737
1737 1738
1738 1739
1739 1740
1740 1741
1741 1742
1742 1743
1743 1744
1744 1745
1745 1746
1746 1747
1747 1748
1748 1749
1749 1750
1750 1751
1751 1752
1752 1753
1753 1754
1754 1755
1755 1756
1756 1757
1757 1758
1758 1759
1759 1760
1760 1761
1761 1762
1762 1763
1763 1764
1764 1765
1765 1766
1766 1767
1767 1768
1768 1769
1769 1770
1770 1771
1771 1772
1772 1773
1773 1774
1774 1775
1775 1776
1776 1777
1777 1778
1778 1779
1779 1780
1780 1781
1781 1782
1782 1783
1783 1784
1784 1785
1785 1786
1786 1787
1787 1788
1788 1789
1789 1790
1790 1791
1791 1792
1792 1793
1793 1794
1794 1795
1795 1796
1796 1797
1797 1798
1798 1799
1799 1800
1800 1801
1801 1802
1802 1803
1803 1804
1804 1805
1805 1806
1806 1807
1807 1808
1808 1809
1809 1810
1810 1811
1811 1812
1812 1813
1813 1814
1814 1815
1815 1816
1816 1817
1817 1818
1818 1819
1819 1820
1820 1821
1821 1822
1822 1823
1823 1824
1824 1825
1825 1826
1826 1827
1827 1828
1828 1829
1829 1830
1830 1831
1831 1832
1832 1833
1833 1834
1834 1835
1835 1836
1836 1837
1837 1838
1838 1839
1839 1840
1840 1841
1841 1842
1842 1843
1843 1844
1844 1845
1845 1846
1846 1847
1847 1848
1848 1849
1849 1850
1850 1851
1851 1852
1852 1853
1853 1854
1854 1855
1855 1856
1856 1857
1857 1858
1858 1859
1859 1860
1860 1861
1861 1862
1862 1863
1863 1864
1864 1865
1865 1866
1866 1867
1867 1868
1868 1869
1869 1870
1870 1871
1871 1872
1872 1873
1873 1874
1874 1875
1875 1876
1876 1877
1877 1878
1878 1879
1879 1880
1880 1881
1881 1882
1882 1883
1883 1884
1884 1885
1885 1886
1886 1887
1887 1888
1888 1889
1889 1890
1890 1891
1891 1892
1892 1893
1893 1894
1894 1895
1895 1896
1896 1897
1897 1898
1898 1899
1899 1900
1900 1901
1901 1902
1902 1903
1903 1904
1904 1905
1905 1906
1906 1907
1907 1908
1908 1909
1909 1910
1910 1911
1911 1912
1912 1913
1913 1914
1914 1915
1915 1916
1916 1917
1917 1918
1918 1919
1919 1920
1920 1921
1921 1922
1922 1923
1923 1924
1924 1925
1925 1926
1926 1927
1927 1928
1928 1929
1929 1930
1930 1931
1931 1932
1932 1933
1933 1934
1934 1935
1935 1936
1936 1937
1937 1938
1938 1939
1939 1940
1940 1941
1941 1942
1942 1943
1943 1944
1944 1945
1945 1946
1946 1947
1947 1948
1948 1949
1949 1950
1950 1951
1951 1952
1952 1953
1953 1954
1954 1955
1955 1956
1956 1957
1957 1958
1958 1959
1959 1960
1960 1961
1961 1962
1962 1963
1963 1964
1964 1965
1965 1966
1966 1967
1967 1968
1968 1969
1969 1970
1970 1971
1971 1972
1972 1973
1973 1974
1974 1975
1975 1976
1976 1977
1977 1978
1978 1979
1979 1980
1980 1981
1981 1982
1982 1983
1983 1984
1984 1985
1985 1986
1986 1987
1987 1988
1988 1989
1989 1990
1990 1991
1991 1992
1992 1993
1993 1994
1994 1995
1995 1996
1996 1997
1997 1998
1998 1999
1999 2000
2000 2001
2000 2002
2001 2003
2000 2004
2004 2005
2000 2006
2004 2007
2006 2008
2003 2009
2006 2010
2001 2011
2005 2012
2004 2013
2000 2014
2009 2015
2015 2016
2009 2017
2006 2018
2001 2019
2005 2020
2015 2021
2013 2022
2010 2023
2021 2024
2001 2025
2002 2026
2003 2027
2003 2028
2020 2029
2014 2030
2007 2031
2016 2032
2028 2033
2017 2034
2000 2035
2015 2036
2001 2037
2011 2038
2029 2039
2000 2040
2029 2041
2003 2042
2023 2043
2013 2044
2012 2045
2002 2046
2026 2047
2024 2048
2004 2049
2009 2050
2030 2051
2044 2052
2010 2053
2009 2054
2023 2055
2051 2056
2053 2057
2038 2058
2032 2059
2000 2060
2027 2061
2045 2062
2032 2063
2021 2064
2028 2065
2064 2066
2016 2067
2031 2068
2039 2069
2038 2070
2025 2071
2017 2072
2059 2073
2055 2074
2059 2075
2024 2076
2003 2077
2015 2078
2024 2079
2051 2080
2035 2081
2008 2082
2021 2083
2047 2084
2028 2085
2019 2086
2041 2087
2032 2088
2052 2089
2007 2090
2044 2091
2028 2092
2087 2093
2048 2094
2044 2095
2078 2096
2039 2097
2043 2098
2044 2099
2016 2100
2038 2101
2014 2102
2088 2103
2010 2104
2070 2105
2061 2106
2011 2107
2007 2108
2054 2109
2108 2110
2092 2111
2029 2112
2103 2113
2039 2114
2098 2115
2083 2116
2091 2117
2069 2118
2001 2119
2076 2120
2036 2121
2074 2122
2070 2123
2090 2124
2078 2125
2083 2126
2068 2127
2000 2128
2105 2129
2017 2130
2038 2131
2052 2132
2090 2133
2016 2134
2071 2135
2123 2136
2064 2137
2005 2138
2042 2139
2119 2140
2112 2141
2083 2142
2088 2143
2118 2144
2036 2145
2057 2146
2096 2147
2030 2148
2119 2149
2133 2150
2031 2151
2024 2152
2107 2153
2146 2154
2001 2155
2022 2156
2068 2157
2126 2158
2027 2159
2156 2160
2037 2161
2138 2162
2057 2163
2023 2164
2002 2165
2140 2166
2089 2167
2075 2168
2082 2169
2127 2170
2014 2171
2018 2172
2162 2173
2139 2174
2153 2175
2149 2176
2067 2177
2086 2178
2033 2179
2053 2180
2034 2181
2103 2182
2101 2183
2033 2184
2184 2185
2168 2186
2172 2187
2158 2188
2067 2189
2051 2190
2140 2191
2018 2192
2189 2193
2114 2194
2122 2195
2195 2196
2105 2197
2024 2198
2056 2199
2065 2200
2084 2201
2091 2202
2062 2203
2025 2204
2110 2205
2012 2206
2066 2207
2133 2208
2101 2209
2045 2210
2152 2211
2091 2212
2210 2213
2164 2214
2045 2215
2119 2216
2037 2217
2011 2218
2121 2219
2064 2220
2153 2221
2050 2222
2196 2223
2032 2224
2019 2225
2185 2226
2027 2227
2215 2228
2022 2229
2003 2230
2125 2231
2152 2232
2186 2233
2214 2234
2089 2235
2000 2236
2018 2237
2163 2238
2021 2239
2089 2240
2022 2241
2105 2242
2134 2243
2186 2244
2087 2245
2167 2246
2094 2247
2155 2248
2097 2249
2087 2250
2020 2251
2020 2252
2073 2253
2105 2254
2120 2255
2238 2256
2016 2257
2241 2258
2189 2259
2253 2260
2155 2261
2067 2262
2037 2263
2224 2264
2199 2265
2125 2266
2135 2267
2197 2268
2065 2269
2037 2270
2015 2271
2112 2272
2199 2273
2264 2274
2213 2275
2010 2276
2103 2277
2211 2278
2118 2279
2059 2280
2001 2281
2167 2282
2169 2283
2038 2284
2205 2285
2141 2286
2206 2287
2018 2288
2258 2289
2062 2290
2058 2291
2008 2292
2063 2293
2115 2294
2007 2295
2282 2296
2156 2297
2247 2298
2076 2299
2077 2300
2066 2301
2185 2302
2252 2303
2198 2304
2254 2305
2051 2306
2306 2307
2171 2308
2074 2309
2112 2310
2189 2311
2311 2312
2212 2313
2285 2314
2244 2315
2177 2316
2304 2317
2126 2318
2101 2319
2126 2320
2258 2321
2112 2322
2165 2323
2125 2324
2235 2325
2143 2326
2203 2327
2106 2328
2060 2329
2320 2330
2260 2331
2112 2332
2216 2333
2005 2334
2290 2335
2309 2336
2064 2337
2013 2338
2186 2339
2247 2340
2075 2341
2078 2342
2151 2343
2297 2344
2136 2345
2073 2346
2249 2347
2246 2348
2324 2349
2087 2350
2154 2351
2311 2352
2006 2353
2279 2354
2087 2355
2207 2356
2124 2357
2094 2358
2108 2359
2037 2360
2345 2361
2002 2362
2014 2363
2146 2364
2019 2365
2335 2366
2222 2367
2054 2368
2312 2369
2145 2370
2206 2371
2237 2372
2099 2373
2079 2374
2286 2375
2066 2376
2136 2377
2245 2378
2167 2379
2289 2380
2039 2381
2227 2382
2340 2383
2030 2384
2331 2385
2270 2386
2247 2387
2169 2388
2181 2389
2300 2390
2199 2391
2360 2392
2197 2393
2166 2394
2012 2395
2120 2396
2250 2397
2330 2398
2305 2399
2165 2400
2121 2401
2196 2402
2012 2403
2004 2404
2073 2405
2361 2406
2225 2407
2106 2408
2154 2409
2033 2410
2083 2411
2134 2412
2397 2413
2078 2414
2055 2415
2381 2416
2109 2417
2370 2418
2281 2419
2185 2420
2110 2421
2417 2422
2163 2423
2188 2424
2368 2425
2157 2426
2075 2427
2304 2428
2240 2429
2305 2430
2290 2431
2419 2432
2166 2433
2088 2434
2410 2435
2356 2436
2379 2437
2223 2438
2041 2439
2151 2440
2401 2441
2125 2442
2278 2443
2062 2444
2085 2445
2316 2446
2018 2447
2318 2448
2433 2449
2408 2450
2113 2451
2150 2452
2080 2453
2438 2454
2366 2455
2408 2456
2456 2457
2191 2458
2211 2459
2422 2460
2394 2461
2056 2462
2206 2463
2180 2464
2009 2465
2240 2466
2176 2467
2317 2468
2180 2469
2356 2470
2435 2471
2229 2472
2115 2473
2004 2474
2307 2475
2432 2476
2394 2477
2087 2478
2364 2479
2297 2480
2044 2481
2323 2482
2280 2483
2348 2484
2217 2485
2453 2486
2308 2487
2408 2488
2213 2489
2004 2490
2167 2491
2017 2492
2150 2493
2210 2494
2477 2495
2363 2496
2098 2497
2357 2498
2360 2499
2170 2500
2360 2501
2022 2502
2329 2503
2335 2504
2289 2505
2409 2506
2257 2507
2395 2508
2096 2509
2471 2510
2437 2511
2048 2512
2088 2513
2503 2514
2451 2515
2004 2516
2208 2517
2173 2518
2115 2519
2227 2520
2018 2521
2269 2522
2054 2523
2395 2524
2392 2525
2015 2526
2235 2527
2482 2528
2083 2529
2026 2530
2362 2531
2465 2532
2485 2533
2241 2534
2439 2535
2343 2536
2397 2537
2271 2538
2031 2539
2176 2540
2437 2541
2127 2542
2526 2543
2030 2544
2320 2545
2355 2546
2098 2547
2120 2548
2184 2549
2295 2550
2094 2551
2502 2552
2072 2553
2499 2554
2447 2555
2081 2556
2045 2557
2253 2558
2385 2559
2166 2560
2330 2561
2189 2562
2534 2563
2120 2564
2138 2565
2045 2566
2055 2567
2063 2568
2319 2569
2453 2570
2391 2571
2275 2572
2343 2573
2372 2574
2570 2575
2054 2576
2157 2577
2117 2578
2125 2579
2156 2580
2320 2581
2427 2582
2475 2583
2502 2584
2021 2585
2329 2586
2235 2587
2273 2588
2132 2589
2333 2590
2220 2591
2451 2592
2130 2593
2151 2594
2413 2595
2552 2596
2039 2597
2481 2598
2157 2599
2249 2600
2297 2601
2350 2602
2154 2603
2263 2604
2420 2605
2153 2606
2342 2607
2517 2608
2398 2609
2365 2610
2483 2611
2557 2612
2304 2613
2221 2614
2014 2615
2145 2616
2535 2617
2100 2618
2310 2619
2466 2620
2563 2621
2357 2622
2347 2623
2281 2624
2258 2625
2581 2626
2074 2627
2206 2628
2245 2629
2020 2630
2411 2631
2252 2632
2425 2633
2228 2634
2045 2635
2376 2636
2094 2637
2109 2638
2338 2639
2027 2640
2184 2641
2218 2642
2398 2643
2257 2644
2216 2645
2492 2646
2121 2647
2428 2648
2208 2649
2030 2650
2020 2651
2264 2652
2451 2653
2372 2654
2319 2655
2137 2656
2588 2657
2180 2658
2313 2659
2184 2660
2531 2661
2008 2662
2466 2663
2409 2664
2464 2665
2024 2666
2238 2667
2194 2668
2280 2669
2510 2670
2206 2671
2455 2672
2002 2673
2444 2674
2106 2675
2118 2676
2504 2677
2016 2678
2414 2679
2220 2680
2490 2681
2407 2682
2458 2683
2040 2684
2437 2685
2280 2686
2008 2687
2527 2688
2266 2689
2341 2690
2276 2691
2108 2692
2520 2693
2403 2694
2048 2695
2351 2696
2013 2697
2464 2698
2172 2699
2574 2700
2403 2701
2197 2702
2573 2703
2011 2704
2194 2705
2311 2706
2550 2707
2262 2708
2645 2709
2011 2710
2037 2711
2593 2712
2607 2713
2656 2714
2265 2715
2362 2716
2455 2717
2301 2718
2326 2719
2245 2720
2249 2721
2178 2722
2577 2723
2651 2724
2643 2725
2385 2726
2400 2727
2529 2728
2111 2729
2432 2730
2270 2731
2241 2732
2458 2733
2532 2734
2713 2735
2128 2736
2284 2737
2394 2738
2703 2739
2195 2740
2533 2741
2128 2742
2666 2743
2006 2744
2638 2745
2470 2746
2174 2747
2077 2748
2040 2749
2587 2750
2042 2751
2509 2752
2751 2753
2657 2754
2379 2755
2015 2756
2265 2757
2732 2758
2347 2759
2619 2760
2115 2761
2743 2762
2083 2763
2277 2764
2417 2765
2698 2766
2168 2767
2294 2768
2635 2769
2075 2770
2414 2771
2676 2772
2197 2773
2498 2774
2142 2775
2008 2776
2228 2777
2273 2778
2404 2779
2532 2780
2770 2781
2085 2782
2409 2783
2232 2784
2245 2785
2334 2786
2223 2787
2505 2788
2518 2789
2145 2790
2557 2791
2511 2792
2378 2793
2345 2794
2503 2795
2124 2796
2725 2797
2181 2798
2213 2799
2525 2800
2184 2801
2370 2802
2519 2803
2243 2804
2341 2805
2250 2806
2619 2807
2107 2808
2616 2809
2523 2810
2628 2811
2407 2812
2674 2813
2648 2814
2267 2815
2706 2816
2644 2817
2646 2818
2048 2819
2230 2820
2765 2821
2379 2822
2152 2823
2545 2824
2211 2825
2730 2826
2632 2827
2389 2828
2090 2829
2630 2830
2510 2831
2416 2832
2228 2833
2319 2834
2089 2835
2772 2836
2577 2837
2124 2838
2170 2839
2480 2840
2158 2841
2293 2842
2469 2843
2642 2844
2684 2845
2399 2846
2197 2847
2244 2848
2573 2849
2064 2850
2315 2851
2822 2852
2290 2853
2722 2854
2061 2855
2767 2856
2517 2857
2591 2858
2715 2859
2822 2860
2378 2861
2228 2862
2279 2863
2536 2864
2013 2865
2810 2866
2391 2867
2186 2868
2832 2869
2361 2870
2127 2871
2739 2872
2486 2873
2592 2874
2635 2875
2745 2876
2497 2877
2360 2878
2178 2879
2662 2880
2106 2881
2129 2882
2800 2883
2780 2884
2045 2885
2849 2886
2502 2887
2027 2888
2728 2889
2176 2890
2380 2891
2246 2892
2653 2893
2446 2894
2783 2895
2004 2896
2004 2897
2729 2898
2606 2899
2032 2900
2681 2901
2223 2902
2010 2903
2847 2904
2313 2905
2232 2906
2131 2907
2616 2908
2361 2909
2306 2910
2055 2911
2741 2912
2225 2913
2025 2914
2236 2915
2178 2916
2718 2917
2816 2918
2634 2919
2817 2920
2370 2921
2880 2922
2840 2923
2899 2924
2824 2925
2873 2926
2005 2927
2236 2928
2872 2929
2541 2930
2383 2931
2820 2932
2624 2933
2231 2934
2667 2935
2688 2936
2724 2937
2693 2938
2166 2939
2029 2940
2383 2941
2053 2942
2437 2943
2650 2944
2582 2945
2934 2946
2905 2947
2769 2948
2929 2949
2004 2950
2501 2951
2793 2952
2549 2953
2714 2954
2416 2955
2642 2956
2707 2957
2039 2958
2808 2959
2325 2960
2703 2961
2651 2962
2486 2963
2691 2964
2437 2965
2082 2966
2351 2967
2313 2968
2250 2969
2393 2970
2925 2971
2650 2972
2891 2973
2039 2974
2528 2975
2695 2976
2502 2977
2690 2978
2441 2979
2235 2980
2612 2981
2664 2982
2360 2983
2936 2984
2863 2985
2581 2986
2232 2987
2932 2988
2787 2989
2057 2990
2803 2991
2142 2992
2819 2993
2152 2994
2142 2995
2803 2996
2305 2997
2124 2998
2975 2999
2611 3000
