20
1 2
2 3
3 4
2 5
2 6
1 7
5 8
1 9
4 10
10 11
6 12
10 13
5 14
14 15
4 16
3 17
12 18
1 19
9 20
1 2
2 3
3 4
2 5
4 6
4 7
4 8
3 9
1 10
10 11
2 12
7 13
6 14
10 15
12 16
1 17
15 18
5 19
15 20
15 21
12 22
2 23
9 24
20 25
20 26
26 27
17 28
13 29
13 30
8 31
5 32
5 33
30 34
17 35
27 36
32 37
9 38
14 39
34 40
3 41
24 42
23 43
12 44
43 45
20 46
23 47
8 48
33 49
22 50
24 51
17 52
14 53
7 54
49 55
9 56
53 57
51 58
37 59
17 60
29 61
26 62
14 63
26 64
34 65
21 66
58 67
51 68
57 69
60 70
38 71
40 72
40 73
2 74
1 75
31 76
53 77
7 78
78 79
77 80
50 81
76 82
76 83
59 84
39 85
35 86
59 87
11 88
87 89
45 90
80 91
77 92
39 93
91 94
14 95
57 96
91 97
50 98
27 99
92 100
27 101
3 102
69 103
24 104
94 105
85 106
41 107
42 108
102 109
99 110
59 111
96 112
13 113
78 114
4 115
86 116
58 117
39 118
1 119
89 120
87 121
99 122
6 123
11 124
19 125
20 126
78 127
29 128
64 129
103 130
117 131
104 132
58 133
56 134
26 135
23 136
4 137
75 138
113 139
10 140
4 141
38 142
27 143
79 144
29 145
72 146
82 147
43 148
82 149
5 150
28 151
149 152
83 153
147 154
140 155
2 156
118 157
25 158
1 159
109 160
46 161
57 162
6 163
123 164
10 165
34 166
121 167
19 168
66 169
70 170
154 171
3 172
158 173
134 174
33 175
106 176
53 177
53 178
116 179
87 180
1 181
20 182
25 183
163 184
26 185
93 186
138 187
142 188
168 189
122 190
104 191
64 192
105 193
42 194
9 195
98 196
101 197
166 198
149 199
76 200
156 201
119 202
150 203
125 204
196 205
31 206
98 207
57 208
191 209
82 210
117 211
171 212
184 213
136 214
119 215
151 216
5 217
84 218
155 219
8 220
17 221
110 222
199 223
118 224
96 225
143 226
7 227
214 228
115 229
228 230
62 231
230 232
33 233
181 234
148 235
95 236
129 237
11 238
167 239
145 240
7 241
194 242
66 243
84 244
138 245
78 246
135 247
163 248
113 249
8 250
72 251
160 252
195 253
177 254
254 255
96 256
42 257
112 258
143 259
100 260
251 261
24 262
140 263
222 264
89 265
95 266
67 267
147 268
108 269
96 270
16 271
99 272
121 273
42 274
204 275
185 276
65 277
243 278
230 279
62 280
13 281
229 282
47 283
228 284
155 285
218 286
269 287
17 288
88 289
188 290
81 291
68 292
287 293
193 294
274 295
178 296
105 297
45 298
120 299
21 300
28 301
301 302
219 303
179 304
289 305
6 306
143 307
103 308
150 309
134 310
214 311
92 312
174 313
274 314
130 315
288 316
219 317
121 318
161 319
158 320
24 321
6 322
33 323
113 324
256 325
222 326
256 327
273 328
63 329
327 330
27 331
310 332
229 333
265 334
21 335
235 336
301 337
308 338
240 339
48 340
274 341
8 342
307 343
107 344
266 345
266 346
339 347
311 348
308 349
160 350
346 351
232 352
23 353
238 354
84 355
103 356
123 357
259 358
349 359
151 360
72 361
305 362
169 363
28 364
209 365
252 366
148 367
147 368
310 369
301 370
230 371
266 372
318 373
150 374
360 375
80 376
307 377
60 378
237 379
319 380
322 381
230 382
52 383
72 384
208 385
352 386
45 387
186 388
240 389
315 390
149 391
317 392
238 393
266 394
358 395
169 396
348 397
250 398
313 399
297 400
43 401
59 402
118 403
146 404
228 405
223 406
88 407
395 408
314 409
323 410
232 411
311 412
220 413
269 414
34 415
310 416
213 417
203 418
240 419
337 420
283 421
349 422
257 423
369 424
113 425
104 426
218 427
226 428
83 429
266 430
246 431
206 432
148 433
145 434
162 435
49 436
378 437
406 438
167 439
434 440
154 441
385 442
314 443
434 444
178 445
94 446
430 447
118 448
248 449
195 450
203 451
170 452
374 453
196 454
174 455
280 456
373 457
79 458
147 459
34 460
22 461
6 462
294 463
193 464
212 465
88 466
229 467
287 468
57 469
145 470
332 471
329 472
44 473
357 474
426 475
90 476
382 477
341 478
322 479
115 480
412 481
136 482
269 483
111 484
168 485
198 486
178 487
445 488
314 489
48 490
56 491
213 492
239 493
194 494
33 495
210 496
367 497
126 498
3 499
316 500
462 501
98 502
180 503
373 504
391 505
86 506
200 507
498 508
361 509
82 510
249 511
233 512
438 513
108 514
189 515
124 516
62 517
85 518
126 519
438 520
214 521
244 522
149 523
385 524
110 525
98 526
336 527
247 528
295 529
175 530
440 531
173 532
6 533
370 534
442 535
312 536
440 537
28 538
322 539
202 540
107 541
246 542
397 543
282 544
362 545
64 546
541 547
298 548
202 549
85 550
59 551
19 552
508 553
391 554
369 555
224 556
464 557
292 558
4 559
209 560
242 561
514 562
164 563
190 564
556 565
411 566
15 567
465 568
329 569
449 570
178 571
372 572
209 573
327 574
383 575
365 576
361 577
27 578
487 579
385 580
202 581
123 582
121 583
43 584
26 585
522 586
516 587
297 588
128 589
541 590
265 591
254 592
141 593
542 594
534 595
45 596
147 597
570 598
467 599
380 600
521 601
49 602
130 603
463 604
531 605
60 606
599 607
598 608
197 609
219 610
293 611
178 612
148 613
193 614
135 615
120 616
159 617
183 618
281 619
455 620
16 621
560 622
97 623
457 624
486 625
526 626
15 627
292 628
224 629
228 630
535 631
345 632
517 633
373 634
157 635
18 636
585 637
363 638
30 639
67 640
219 641
331 642
53 643
504 644
146 645
446 646
341 647
446 648
168 649
606 650
352 651
569 652
227 653
606 654
24 655
292 656
49 657
82 658
135 659
323 660
575 661
466 662
19 663
166 664
310 665
74 666
177 667
228 668
78 669
237 670
474 671
47 672
606 673
569 674
280 675
133 676
88 677
250 678
8 679
355 680
191 681
366 682
635 683
420 684
45 685
260 686
109 687
187 688
671 689
413 690
455 691
399 692
29 693
278 694
647 695
112 696
588 697
510 698
676 699
48 700
394 701
529 702
346 703
534 704
141 705
502 706
522 707
151 708
78 709
511 710
471 711
651 712
152 713
121 714
325 715
482 716
580 717
708 718
114 719
648 720
385 721
32 722
479 723
235 724
288 725
68 726
236 727
666 728
589 729
431 730
267 731
21 732
108 733
645 734
584 735
7 736
639 737
643 738
464 739
512 740
516 741
493 742
75 743
204 744
398 745
443 746
191 747
492 748
706 749
680 750
285 751
21 752
573 753
530 754
613 755
382 756
361 757
213 758
2 759
259 760
196 761
81 762
710 763
435 764
112 765
280 766
6 767
474 768
531 769
221 770
572 771
322 772
622 773
727 774
421 775
512 776
554 777
528 778
165 779
624 780
532 781
241 782
481 783
154 784
448 785
201 786
375 787
668 788
575 789
736 790
598 791
329 792
290 793
292 794
739 795
753 796
243 797
212 798
414 799
12 800
562 801
210 802
120 803
707 804
53 805
123 806
20 807
469 808
319 809
649 810
747 811
403 812
486 813
74 814
796 815
658 816
460 817
528 818
667 819
20 820
645 821
80 822
651 823
497 824
111 825
201 826
713 827
474 828
293 829
261 830
439 831
140 832
306 833
603 834
637 835
227 836
78 837
408 838
559 839
592 840
460 841
248 842
315 843
365 844
730 845
783 846
693 847
388 848
576 849
368 850
553 851
691 852
637 853
323 854
163 855
413 856
39 857
437 858
801 859
460 860
140 861
158 862
80 863
850 864
366 865
334 866
715 867
808 868
568 869
622 870
810 871
161 872
265 873
488 874
462 875
671 876
255 877
528 878
228 879
529 880
290 881
81 882
29 883
460 884
410 885
583 886
448 887
210 888
128 889
180 890
886 891
227 892
618 893
32 894
531 895
641 896
674 897
449 898
37 899
58 900
842 901
293 902
217 903
802 904
246 905
269 906
665 907
445 908
770 909
691 910
286 911
441 912
846 913
681 914
168 915
373 916
410 917
188 918
889 919
361 920
44 921
86 922
115 923
356 924
534 925
702 926
834 927
352 928
164 929
207 930
9 931
914 932
9 933
932 934
867 935
415 936
309 937
571 938
447 939
82 940
37 941
887 942
417 943
475 944
520 945
403 946
190 947
108 948
214 949
668 950
835 951
469 952
799 953
142 954
149 955
157 956
236 957
165 958
85 959
782 960
387 961
492 962
466 963
899 964
699 965
280 966
373 967
227 968
902 969
904 970
632 971
669 972
543 973
13 974
630 975
739 976
96 977
86 978
17 979
721 980
952 981
175 982
186 983
567 984
895 985
91 986
977 987
3 988
862 989
767 990
460 991
143 992
100 993
811 994
294 995
271 996
242 997
523 998
581 999
498 1000
1000 1001
1001 1002
1002 1003
1003 1004
1004 1005
1005 1006
1006 1007
1007 1008
1008 1009
1009 1010
1010 1011
1011 1012
1012 1013
1013 1014
1014 1015
1015 1016
1016 1017
1017 1018
1018 1019
1019 1020
1020 1021
1021 1022
1022 1023
1023 1024
1024 1025
1025 1026
1026 1027
1027 1028
1028 1029
1029 1030
1030 1031
1031 1032
1032 1033
1033 1034
1034 1035
1035 1036
1036 1037
1037 1038
1038 1039
1039 1040
1040 1041
1041 1042
1042 1043
1043 1044
1044 1045
1045 1046
1046 1047
1047 1048
1048 1049
1049 1050
1050 1051
1051 1052
1052 1053
1053 1054
1054 1055
1055 1056
1056 1057
1057 1058
1058 1059
1059 1060
1060 1061
1061 1062
1062 1063
1063 1064
1064 1065
1065 1066
1066 1067
1067 1068
1068 1069
1069 1070
1070 1071
1071 1072
1072 1073
1073 1074
1074 1075
1075 1076
1076 1077
1077 1078
1078 1079
1079 1080
1080 1081
1081 1082
1082 1083
1083 1084
1084 1085
1085 1086
1086 1087
1087 1088
1088 1089
1089 1090
1090 1091
1091 1092
1092 1093
1093 1094
1094 1095
1095 1096
1096 1097
1097 1098
1098 1099
1099 1100
1100 1101
1101 1102
1102 1103
1103 1104
1104 1105
1105 1106
1106 1107
1107 1108
1108 1109
1109 1110
1110 1111
1111 1112
1112 1113
1113 1114
1114 1115
1115 1116
1116 1117
1117 1118
1118 1119
1119 1120
1120 1121
1121 1122
1122 1123
1123 1124
1124 1125
1125 1126
1126 1127
1127 1128
1128 1129
1129 1130
1130 1131
1131 1132
1132 1133
1133 1134
1134 1135
1135 1136
1136 1137
1137 1138
1138 1139
1139 1140
1140 1141
1141 1142
1142 1143
1143 1144
1144 1145
1145 1146
1146 1147
1147 1148
1148 1149
1149 1150
1150 1151
1151 1152
1152 1153
1153 1154
1154 1155
1155 1156
1156 1157
1157 1158
1158 1159
1159 1160
1160 1161
1161 1162
1162 1163
1163 1164
1164 1165
1165 1166
1166 1167
1167 1168
1168 1169
1169 1170
1170 1171
1171 1172
1172 1173
1173 1174
1174 1175
1175 1176
1176 1177
1177 1178
1178 1179
1179 1180
1180 1181
1181 1182
1182 1183
1183 1184
1184 1185
1185 1186
1186 1187
1187 1188
1188 1189
1189 1190
1190 1191
1191 1192
1192 1193
1193 1194
1194 1195
1195 1196
1196 1197
1197 1198
1198 1199
1199 1200
1200 1201
1201 1202
1202 1203
1203 1204
1204 1205
1205 1206
1206 1207
1207 1208
1208 1209
1209 1210
1210 1211
1211 1212
1212 1213
1213 1214
1214 1215
1215 1216
1216 1217
1217 1218
1218 1219
1219 1220
1220 1221
1221 1222
1222 1223
1223 1224
1224 1225
1225 1226
1226 1227
1227 1228
1228 1229
1229 1230
1230 1231
1231 1232
1232 1233
1233 1234
1234 1235
1235 1236
1236 1237
1237 1238
1238 1239
1239 1240
1240 1241
1241 1242
1242 1243
1243 1244
1244 1245
1245 1246
1246 1247
1247 1248
1248 1249
1249 1250
1250 1251
1251 1252
1252 1253
1253 1254
1254 1255
1255 1256
1256 1257
1257 1258
1258 1259
1259 1260
1260 1261
1261 1262
1262 1263
1263 1264
1264 1265
1265 1266
1266 1267
1267 1268
1268 1269
1269 1270
1270 1271
1271 1272
1272 1273
1273 1274
1274 1275
1275 1276
1276 1277
1277 1278
1278 1279
1279 1280
1280 1281
1281 1282
1282 1283
1283 1284
1284 1285
1285 1286
1286 1287
1287 1288
1288 1289
1289 1290
1290 1291
1291 1292
1292 1293
1293 1294
1294 1295
1295 1296
1296 1297
1297 1298
1298 1299
1299 1300
1300 1301
1301 1302
1302 1303
1303 1304
1304 1305
1305 1306
1306 1307
1307 1308
1308 1309
1309 1310
1310 1311
1311 1312
1312 1313
1313 1314
1314 1315
1315 1316
1316 1317
1317 1318
1318 1319
1319 1320
1320 1321
1321 1322
1322 1323
1323 1324
1324 1325
1325 1326
1326 1327
1327 1328
1328 1329
1329 1330
1330 1331
1331 1332
1332 1333
1333 1334
1334 1335
1335 1336
1336 1337
1337 1338
1338 1339
1339 1340
1340 1341
1341 1342
1342 1343
1343 1344
1344 1345
1345 1346
1346 1347
1347 1348
1348 1349
1349 1350
1350 1351
1351 1352
1352 1353
1353 1354
1354 1355
1355 1356
1356 1357
1357 1358
1358 1359
1359 1360
1360 1361
1361 1362
1362 1363
1363 1364
1364 1365
1365 1366
1366 1367
1367 1368
1368 1369
1369 1370
1370 1371
1371 1372
1372 1373
1373 1374
1374 1375
1375 1376
1376 1377
1377 1378
1378 1379
1379 1380
1380 1381
1381 1382
1382 1383
1383 1384
1384 1385
1385 1386
1386 1387
1387 1388
1388 1389
1389 1390
1390 1391
1391 1392
1392 1393
1393 1394
1394 1395
1395 1396
1396 1397
1397 1398
1398 1399
1399 1400
1400 1401
1401 1402
1402 1403
1403 1404
1404 1405
1405 1406
1406 1407
1407 1408
1408 1409
1409 1410
1410 1411
1411 1412
1412 1413
1413 1414
1414 1415
1415 1416
1416 1417
1417 1418
1418 1419
1419 1420
1420 1421
1421 1422
1422 1423
1423 1424
1424 1425
1425 1426
1426 1427
1427 1428
1428 1429
1429 1430
1430 1431
1431 1432
1432 1433
1433 1434
1434 1435
1435 1436
1436 1437
1437 1438
1438 1439
1439 1440
1440 1441
1441 1442
1442 1443
1443 1444
1444 1445
1445 1446
1446 1447
1447 1448
1448 1449
1449 1450
1450 1451
1451 1452
1452 1453
1453 1454
1454 1455
1455 1456
1456 1457
1457 1458
1458 1459
1459 1460
1460 1461
1461 1462
1462 1463
1463 1464
1464 1465
1465 1466
1466 1467
1467 1468
1468 1469
1469 1470
1470 1471
1471 1472
1472 1473
1473 1474
1474 1475
1475 1476
1476 1477
1477 1478
1478 1479
1479 1480
1480 1481
1481 1482
1482 1483
1483 1484
1484 1485
1485 1486
1486 1487
1487 1488
1488 1489
1489 1490
1490 1491
1491 1492
1492 1493
1493 1494
1494 1495
1495 1496
1496 1497
1497 1498
1498 1499
1499 1500
1500 1501
1501 1502
1502 1503
1503 1504
1504 1505
1505 1506
1506 1507
1507 1508
1508 1509
1509 1510
1510 1511
1511 1512
1512 1513
1513 1514
1514 1515
1515 1516
1516 1517
1517 1518
1518 1519
1519 1520
1520 1521
1521 1522
1522 1523
1523 1524
1524 1525
1525 1526
1526 1527
1527 1528
1528 1529
1529 1530
1530 1531
1531 1532
1532 1533
1533 1534
1534 1535
1535 1536
1536 1537
1537 1538
1538 1539
1539 1540
1540 1541
1541 1542
1542 1543
1543 1544
1544 1545
1545 1546
1546 1547
1547 1548
1548 1549
1549 1550
1550 1551
1551 1552
1552 1553
1553 1554
1554 1555
1555 1556
1556 1557
1557 1558
1558 1559
1559 1560
1560 1561
1561 1562
1562 1563
1563 1564
1564 1565
1565 1566
1566 1567
1567 1568
1568 1569
1569 1570
1570 1571
1571 1572
1572 1573
1573 1574
1574 1575
1575 1576
1576 1577
1577 1578
1578 1579
1579 1580
1580 1581
1581 1582
1582 1583
1583 1584
1584 1585
1585 1586
1586 1587
1587 1588
1588 1589
1589 1590
1590 1591
1591 1592
1592 1593
1593 1594
1594 1595
1595 1596
1596 1597
1597 1598
1598 1599
1599 1600
1600 1601
1601 1602
1602 1603
1603 1604
1604 1605
1605 1606
1606 1607
1607 1608
1608 1609
1609 1610
1610 1611
1611 1612
1612 1613
1613 1614
1614 1615
1615 1616
1616 1617
1617 1618
1618 1619
1619 1620
1620 1621
1621 1622
1622 1623
1623 1624
1624 1625
1625 1626
1626 1627
1627 1628
1628 1629
1629 1630
1630 1631
1631 1632
1632 1633
1633 1634
1634 1635
1635 1636
1636 1637
1637 1638
1638 1639
1639 1640
1640 1641
1641 1642
1642 1643
1643 1644
1644 1645
1645 1646
1646 1647
1647 1648
1648 1649
1649 1650
1650 1651
1651 1652
1652 1653
1653 1654
1654 1655
1655 1656
1656 1657
1657 1658
1658 1659
1659 1660
1660 1661
1661 1662
1662 1663
1663 1664
1664 1665
1665 1666
1666 1667
1667 1668
1668 1669
1669 1670
1670 1671
1671 1672
1672 1673
1673 1674
1674 1675
1675 1676
1676 1677
1677 1678
1678 1679
1679 1680
1680 1681
1681 1682
1682 1683
1683 1684
1684 1685
1685 1686
1686 1687
1687 1688
1688 1689
1689 1690
1690 1691
1691 1692
1692 1693
1693 1694
1694 1695
1695 1696
1696 1697
1697 1698
1698 1699
1699 1700
1700 1701
1701 1702
1702 1703
1703 1704
1704 1705
1705 1706
1706 1707
1707 1708
1708 1709
1709 1710
1710 1711
1711 1712
1712 1713
1713 1714
1714 1715
1715 1716
1716 1717
1717 1718
1718 1719
1719 1720
1720 1721
1721 1722
1722 1723
1723 1724
1724 1725
1725 1726
1726 1727
1727 1728
1728 1729
1729 1730
1730 1731
1731 1732
1732 1733
1733 1734
1734 1735
1735 1736
1736 1737
1737 1738
1738 1739
1739 1740
1740 1741
1741 1742
1742 1743
1743 1744
1744 1745
1745 1746
1746 1747
1747 1748
1748 1749
1749 1750
1750 1751
1751 1752
1752 1753
1753 1754
1754 1755
1755 1756
1756 1757
1757 1758
1758 1759
1759 1760
1760 1761
1761 1762
1762 1763
1763 1764
1764 1765
1765 1766
1766 1767
1767 1768
1768 1769
1769 1770
1770 1771
1771 1772
1772 1773
1773 1774
1774 1775
1775 1776
1776 1777
1777 1778
1778 1779
1779 1780
1780 1781
1781 1782
1782 1783
1783 1784
1784 1785
1785 1786
1786 1787
1787 1788
1788 1789
1789 1790
1790 1791
1791 1792
1792 1793
1793 1794
1794 1795
1795 1796
1796 1797
1797 1798
1798 1799
1799 1800
1800 1801
1801 1802
1802 1803
1803 1804
1804 1805
1805 1806
1806 1807
1807 1808
1808 1809
1809 1810
1810 1811
1811 1812
1812 1813
1813 1814
1814 1815
1815 1816
1816 1817
1817 1818
1818 1819
1819 1820
1820 1821
1821 1822
1822 1823
1823 1824
1824 1825
1825 1826
1826 1827
1827 1828
1828 1829
1829 1830
1830 1831
1831 1832
1832 1833
1833 1834
1834 1835
1835 1836
1836 1837
1837 1838
1838 1839
1839 1840
1840 1841
1841 1842
1842 1843
1843 1844
1844 1845
1845 1846
1846 1847
1847 1848
1848 1849
1849 1850
1850 1851
1851 1852
1852 1853
1853 1854
1854 1855
1855 1856
1856 1857
1857 1858
1858 1859
1859 1860
1860 1861
1861 1862
1862 1863
1863 1864
1864 1865
1865 1866
1866 1867
1867 1868
1868 1869
1869 1870
1870 1871
1871 1872
1872 1873
1873 1874
1874 1875
1875 1876
1876 1877
1877 1878
1878 1879
1879 1880
1880 1881
1881 1882
1882 1883
1883 1884
1884 1885
1885 1886
1886 1887
1887 1888
1888 1889
1889 1890
1890 1891
1891 1892
1892 1893
1893 1894
1894 1895
1895 1896
1896 1897
1897 1898
1898 1899
1899 1900
1900 1901
1901 1902
1902 1903
1903 1904
1904 1905
1905 1906
1906 1907
1907 1908
1908 1909
1909 1910
1910 1911
1911 1912
1912 1913
1913 1914
1914 1915
1915 1916
1916 1917
1917 1918
1918 1919
1919 1920
1920 1921
1921 1922
1922 1923
1923 1924
1924 1925
1925 1926
1926 1927
1927 1928
1928 1929
1929 1930
1930 1931
1931 1932
1932 1933
1933 1934
1934 1935
1935 1936
1936 1937
1937 1938
1938 1939
1939 1940
1940 1941
1941 1942
1942 1943
1943 1944
1944 1945
1945 1946
1946 1947
1947 1948
1948 1949
1949 1950
1950 1951
1951 1952
1952 1953
1953 1954
1954 1955
1955 1956
1956 1957
1957 1958
1958 1959
1959 1960
1960 1961
1961 1962
1962 1963
1963 1964
1964 1965
1965 1966
1966 1967
1967 1968
1968 1969
1969 1970
1970 1971
1971 1972
1972 1973
1973 1974
1974 1975
1975 1976
1976 1977
1977 1978
1978 1979
1979 1980
1980 1981
1981 1982
1982 1983
1983 1984
1984 1985
1985 1986
1986 1987
1987 1988
1988 1989
1989 1990
1990 1991
1991 1992
1992 1993
1993 1994
1994 1995
1995 1996
1996 1997
1997 1998
1998 1999
1999 2000
2000 2001
2001 2002
2002 2003
2000 2004
2002 2005
2002 2006
2000 2007
2003 2008
2005 2009
2001 2010
2007 2011
2001 2012
2007 2013
2010 2014
2002 2015
2015 2016
2007 2017
2002 2018
2002 2019
2006 2020
2015 2021
2012 2022
2001 2023
2019 2024
2011 2025
2018 2026
2003 2027
2004 2028
2021 2029
2004 2030
2025 2031
2014 2032
2026 2033
2015 2034
2021 2035
2020 2036
2025 2037
2033 2038
2011 2039
2010 2040
2040 2041
2006 2042
2000 2043
2001 2044
2001 2045
2001 2046
2041 2047
2026 2048
2026 2049
2020 2050
2019 2051
2021 2052
2033 2053
2031 2054
2053 2055
2041 2056
2020 2057
2000 2058
2007 2059
2000 2060
2048 2061
2008 2062
2000 2063
2036 2064
2028 2065
2058 2066
2022 2067
2042 2068
2007 2069
2038 2070
2019 2071
2009 2072
2054 2073
2061 2074
2023 2075
2046 2076
2050 2077
2056 2078
2065 2079
2037 2080
2077 2081
2034 2082
2009 2083
2065 2084
2023 2085
2085 2086
2042 2087
2044 2088
2030 2089
2004 2090
2059 2091
2085 2092
2059 2093
2080 2094
2059 2095
2001 2096
2070 2097
2017 2098
2028 2099
2074 2100
2087 2101
2067 2102
2081 2103
2072 2104
2016 2105
2050 2106
2081 2107
2078 2108
2024 2109
2102 2110
2038 2111
2024 2112
2108 2113
2084 2114
2010 2115
2038 2116
2039 2117
2012 2118
2116 2119
2022 2120
2069 2121
2107 2122
2122 2123
2117 2124
2037 2125
2002 2126
2087 2127
2003 2128
2124 2129
2006 2130
2070 2131
2062 2132
2072 2133
2042 2134
2020 2135
2132 2136
2035 2137
2079 2138
2071 2139
2131 2140
2113 2141
2121 2142
2121 2143
2031 2144
2024 2145
2141 2146
2023 2147
2133 2148
2038 2149
2039 2150
2003 2151
2114 2152
2080 2153
2070 2154
2125 2155
2150 2156
2008 2157
2094 2158
2088 2159
2149 2160
2104 2161
2154 2162
2048 2163
2136 2164
2004 2165
2102 2166
2130 2167
2122 2168
2143 2169
2149 2170
2017 2171
2015 2172
2112 2173
2069 2174
2101 2175
2045 2176
2089 2177
2045 2178
2085 2179
2173 2180
2142 2181
2078 2182
2095 2183
2155 2184
2067 2185
2086 2186
2116 2187
2126 2188
2057 2189
2019 2190
2100 2191
2041 2192
2031 2193
2147 2194
2075 2195
2022 2196
2097 2197
2008 2198
2153 2199
2073 2200
2107 2201
2115 2202
2144 2203
2109 2204
2162 2205
2010 2206
2165 2207
2022 2208
2135 2209
2088 2210
2018 2211
2016 2212
2029 2213
2087 2214
2114 2215
2089 2216
2114 2217
2172 2218
2158 2219
2179 2220
2184 2221
2057 2222
2083 2223
2173 2224
2145 2225
2051 2226
2208 2227
2176 2228
2028 2229
2141 2230
2188 2231
2079 2232
2072 2233
2022 2234
2095 2235
2235 2236
2106 2237
2153 2238
2047 2239
2008 2240
2069 2241
2208 2242
2238 2243
2086 2244
2141 2245
2061 2246
2234 2247
2228 2248
2159 2249
2139 2250
2196 2251
2239 2252
2064 2253
2102 2254
2073 2255
2061 2256
2020 2257
2046 2258
2225 2259
2121 2260
2157 2261
2027 2262
2014 2263
2155 2264
2135 2265
2054 2266
2064 2267
2232 2268
2002 2269
2227 2270
2150 2271
2218 2272
2055 2273
2179 2274
2057 2275
2124 2276
2226 2277
2044 2278
2219 2279
2174 2280
2208 2281
2214 2282
2234 2283
2182 2284
2221 2285
2133 2286
2211 2287
2086 2288
2235 2289
2171 2290
2215 2291
2285 2292
2237 2293
2248 2294
2038 2295
2116 2296
2010 2297
2136 2298
2167 2299
2191 2300
2202 2301
2114 2302
2009 2303
2174 2304
2106 2305
2018 2306
2051 2307
2154 2308
2163 2309
2041 2310
2092 2311
2295 2312
2095 2313
2142 2314
2163 2315
2172 2316
2017 2317
2183 2318
2015 2319
2273 2320
2073 2321
2058 2322
2042 2323
2237 2324
2051 2325
2064 2326
2049 2327
2317 2328
2219 2329
2156 2330
2180 2331
2129 2332
2061 2333
2102 2334
2294 2335
2222 2336
2335 2337
2279 2338
2175 2339
2146 2340
2280 2341
2188 2342
2105 2343
2066 2344
2293 2345
2239 2346
2039 2347
2018 2348
2127 2349
2223 2350
2086 2351
2156 2352
2210 2353
2083 2354
2083 2355
2304 2356
2014 2357
2187 2358
2110 2359
2021 2360
2264 2361
2043 2362
2051 2363
2184 2364
2014 2365
2117 2366
2087 2367
2089 2368
2303 2369
2317 2370
2300 2371
2057 2372
2372 2373
2085 2374
2081 2375
2206 2376
2278 2377
2246 2378
2180 2379
2053 2380
2231 2381
2089 2382
2353 2383
2150 2384
2018 2385
2047 2386
2253 2387
2329 2388
2137 2389
2170 2390
2378 2391
2363 2392
2099 2393
2043 2394
2061 2395
2149 2396
2245 2397
2349 2398
2263 2399
2030 2400
2272 2401
2090 2402
2178 2403
2234 2404
2384 2405
2185 2406
2169 2407
2197 2408
2346 2409
2043 2410
2135 2411
2360 2412
2035 2413
2279 2414
2323 2415
2036 2416
2215 2417
2413 2418
2329 2419
2269 2420
2186 2421
2237 2422
2212 2423
2365 2424
2415 2425
2010 2426
2187 2427
2309 2428
2114 2429
2372 2430
2202 2431
2374 2432
2075 2433
2381 2434
2112 2435
2367 2436
2183 2437
2317 2438
2091 2439
2133 2440
2399 2441
2303 2442
2288 2443
2271 2444
2154 2445
2004 2446
2145 2447
2316 2448
2410 2449
2061 2450
2057 2451
2118 2452
2294 2453
2438 2454
2326 2455
2331 2456
2285 2457
2395 2458
2147 2459
2119 2460
2293 2461
2371 2462
2354 2463
2130 2464
2155 2465
2241 2466
2141 2467
2211 2468
2276 2469
2321 2470
2288 2471
2084 2472
2465 2473
2167 2474
2074 2475
2160 2476
2427 2477
2352 2478
2062 2479
2095 2480
2203 2481
2471 2482
2212 2483
2375 2484
2227 2485
2224 2486
2287 2487
2156 2488
2337 2489
2357 2490
2402 2491
2375 2492
2258 2493
2360 2494
2288 2495
2418 2496
2360 2497
2217 2498
2411 2499
2407 2500
2358 2501
2317 2502
2098 2503
2445 2504
2284 2505
2252 2506
2415 2507
2505 2508
2258 2509
2289 2510
2412 2511
2040 2512
2093 2513
2132 2514
2243 2515
2010 2516
2324 2517
2209 2518
2231 2519
2168 2520
2096 2521
2304 2522
2114 2523
2465 2524
2319 2525
2113 2526
2090 2527
2355 2528
2137 2529
2070 2530
2200 2531
2174 2532
2241 2533
2434 2534
2358 2535
2519 2536
2137 2537
2374 2538
2266 2539
2210 2540
2466 2541
2133 2542
2382 2543
2032 2544
2022 2545
2466 2546
2524 2547
2402 2548
2254 2549
2105 2550
2162 2551
2474 2552
2374 2553
2027 2554
2034 2555
2456 2556
2537 2557
2199 2558
2072 2559
2149 2560
2215 2561
2141 2562
2325 2563
2407 2564
2333 2565
2007 2566
2497 2567
2471 2568
2494 2569
2026 2570
2379 2571
2509 2572
2018 2573
2177 2574
2561 2575
2372 2576
2451 2577
2104 2578
2326 2579
2391 2580
2544 2581
2104 2582
2373 2583
2142 2584
2254 2585
2120 2586
2108 2587
2505 2588
2478 2589
2144 2590
2297 2591
2317 2592
2226 2593
2134 2594
2060 2595
2291 2596
2005 2597
2467 2598
2067 2599
2581 2600
2368 2601
2064 2602
2516 2603
2562 2604
2526 2605
2429 2606
2432 2607
2313 2608
2069 2609
2076 2610
2038 2611
2093 2612
2549 2613
2096 2614
2257 2615
2307 2616
2473 2617
2259 2618
2224 2619
2132 2620
2311 2621
2302 2622
2229 2623
2468 2624
2547 2625
2604 2626
2142 2627
2579 2628
2500 2629
2317 2630
2308 2631
2136 2632
2303 2633
2301 2634
2268 2635
2541 2636
2391 2637
2394 2638
2049 2639
2097 2640
2278 2641
2430 2642
2448 2643
2597 2644
2532 2645
2573 2646
2418 2647
2157 2648
2277 2649
2174 2650
2441 2651
2409 2652
2456 2653
2075 2654
2631 2655
2213 2656
2448 2657
2372 2658
2294 2659
2271 2660
2507 2661
2496 2662
2325 2663
2293 2664
2262 2665
2017 2666
2077 2667
2463 2668
2377 2669
2402 2670
2507 2671
2567 2672
2390 2673
2204 2674
2144 2675
2274 2676
2252 2677
2184 2678
2236 2679
2113 2680
2082 2681
2086 2682
2582 2683
2508 2684
2606 2685
2552 2686
2185 2687
2089 2688
2316 2689
2308 2690
2660 2691
2670 2692
2603 2693
2664 2694
2592 2695
2028 2696
2338 2697
2544 2698
2488 2699
2136 2700
2400 2701
2295 2702
2215 2703
2210 2704
2278 2705
2061 2706
2617 2707
2016 2708
2079 2709
2317 2710
2350 2711
2076 2712
2610 2713
2184 2714
2338 2715
2477 2716
2129 2717
2183 2718
2242 2719
2675 2720
2078 2721
2089 2722
2081 2723
2539 2724
2153 2725
2148 2726
2244 2727
2690 2728
2598 2729
2427 2730
2333 2731
2528 2732
2212 2733
2072 2734
2260 2735
2006 2736
2232 2737
2295 2738
2559 2739
2557 2740
2290 2741
2357 2742
2326 2743
2029 2744
2079 2745
2645 2746
2207 2747
2255 2748
2330 2749
2031 2750
2626 2751
2299 2752
2005 2753
2746 2754
2594 2755
2048 2756
2067 2757
2257 2758
2173 2759
2240 2760
2515 2761
2141 2762
2707 2763
2477 2764
2648 2765
2715 2766
2351 2767
2720 2768
2765 2769
2293 2770
2339 2771
2295 2772
2481 2773
2041 2774
2186 2775
2417 2776
2675 2777
2086 2778
2763 2779
2147 2780
2281 2781
2416 2782
2430 2783
2403 2784
2354 2785
2038 2786
2430 2787
2174 2788
2240 2789
2482 2790
2418 2791
2689 2792
2545 2793
2147 2794
2379 2795
2452 2796
2156 2797
2767 2798
2434 2799
2195 2800
2784 2801
2136 2802
2143 2803
2706 2804
2676 2805
2583 2806
2332 2807
2802 2808
2637 2809
2054 2810
2037 2811
2789 2812
2442 2813
2547 2814
2690 2815
2766 2816
2377 2817
2552 2818
2738 2819
2053 2820
2461 2821
2507 2822
2254 2823
2071 2824
2028 2825
2128 2826
2061 2827
2708 2828
2508 2829
2117 2830
2546 2831
2673 2832
2084 2833
2087 2834
2515 2835
2794 2836
2523 2837
2162 2838
2641 2839
2284 2840
2724 2841
2108 2842
2776 2843
2839 2844
2118 2845
2473 2846
2448 2847
2531 2848
2719 2849
2218 2850
2111 2851
2722 2852
2145 2853
2244 2854
2592 2855
2024 2856
2703 2857
2797 2858
2842 2859
2633 2860
2465 2861
2336 2862
2335 2863
2727 2864
2620 2865
2321 2866
2127 2867
2027 2868
2474 2869
2809 2870
2000 2871
2415 2872
2060 2873
2345 2874
2465 2875
2460 2876
2333 2877
2439 2878
2843 2879
2059 2880
2387 2881
2248 2882
2578 2883
2145 2884
2609 2885
2812 2886
2073 2887
2561 2888
2314 2889
2671 2890
2764 2891
2230 2892
2338 2893
2628 2894
2528 2895
2318 2896
2174 2897
2211 2898
2581 2899
2566 2900
2198 2901
2883 2902
2146 2903
2508 2904
2203 2905
2234 2906
2046 2907
2211 2908
2222 2909
2423 2910
2423 2911
2808 2912
2783 2913
2897 2914
2885 2915
2516 2916
2885 2917
2812 2918
2237 2919
2314 2920
2596 2921
2607 2922
2672 2923
2330 2924
2134 2925
2327 2926
2186 2927
2332 2928
2381 2929
2161 2930
2720 2931
2453 2932
2846 2933
2842 2934
2874 2935
2120 2936
2253 2937
2354 2938
2384 2939
2687 2940
2835 2941
2029 2942
2063 2943
2549 2944
2921 2945
2048 2946
2142 2947
2222 2948
2491 2949
2615 2950
2683 2951
2113 2952
2576 2953
2311 2954
2511 2955
2535 2956
2163 2957
2795 2958
2295 2959
2531 2960
2417 2961
2056 2962
2003 2963
2443 2964
2124 2965
2720 2966
2652 2967
2090 2968
2212 2969
2367 2970
2587 2971
2166 2972
2176 2973
2938 2974
2537 2975
2887 2976
2830 2977
2384 2978
2695 2979
2454 2980
2656 2981
2463 2982
2829 2983
2964 2984
2261 2985
2698 2986
2613 2987
2727 2988
2548 2989
2168 2990
2806 2991
2074 2992
2407 2993
2049 2994
2186 2995
2098 2996
2685 2997
2077 2998
2313 2999
2533 3000
