1110 1332 11
193 195
606 71
986 456
132 504
505 73
939 534
592 176
246 836
361 847
290 416
251 562
275 240
575 834
813 143
937 154
132 249
581 186
673 396
666 375
337 999
167 133
735 781
179 637
505 149
165 348
890 125
773 46
1014 511
793 575
586 121
257 928
655 374
852 509
512 714
922 920
51 452
771 889
236 1020
721 159
1002 681
569 1003
781 818
1035 657
1076 534
588 805
310 471
503 176
781 19
115 137
508 588
983 687
904 380
631 537
477 390
900 589
75 419
139 936
599 874
1019 577
214 700
673 136
317 793
418 278
602 436
611 105
388 584
886 89
657 43
500 577
1106 1029
568 513
62 368
782 906
990 917
298 931
737 589
624 847
872 421
765 802
187 69
198 433
808 889
344 951
237 335
847 456
326 352
348 181
602 1108
326 399
165 195
643 240
450 897
425 762
395 930
305 236
814 722
1012 632
806 102
300 692
1026 870
1021 121
647 202
245 654
532 465
175 143
1029 747
261 839
44 133
433 259
68 429
322 394
392 424
361 399
680 1020
863 469
513 834
396 521
404 349
477 213
484 646
481 677
817 667
953 9
864 321
620 852
473 739
273 117
561 667
701 815
315 775
731 1100
711 25
1014 273
574 375
586 695
1058 601
627 908
653 248
734 287
662 777
741 70
408 717
517 458
256 803
342 940
306 1000
216 48
128 1031
246 686
333 1057
686 395
83 732
998 363
746 415
236 233
109 417
308 356
796 101
478 371
580 645
317 776
158 941
929 715
170 935
1010 702
599 666
435 585
278 349
467 725
175 830
460 401
658 1055
741 79
554 652
108 26
303 751
152 1110
568 622
523 474
166 865
688 260
311 245
1046 249
781 243
99 204
945 338
974 861
1071 712
537 409
242 495
136 209
927 128
679 509
16 738
391 885
920 427
514 389
1007 501
658 231
225 1075
1077 592
904 796
91 290
623 261
976 103
179 375
246 185
164 987
1040 713
271 199
5 572
996 364
387 341
929 502
621 912
674 635
164 156
448 446
538 515
895 933
198 42
222 228
623 426
850 733
588 581
757 825
853 736
528 1028
632 476
507 1053
364 848
995 898
1072 452
565 953
236 887
585 931
405 178
546 352
31 703
356 825
864 605
604 201
798 1071
453 872
939 655
765 233
787 946
352 671
360 186
274 889
868 1088
505 1064
140 815
971 700
656 390
178 282
592 385
689 747
220 1008
628 530
952 198
359 113
706 760
494 997
503 1052
890 450
13 44
295 490
135 918
1101 714
368 460
534 770
940 369
952 963
1001 482
145 273
514 913
208 1100
133 748
719 847
398 182
680 442
664 385
229 846
151 1022
345 382
194 348
479 953
629 524
630 1024
692 83
735 431
301 387
295 301
176 39
970 591
1084 244
595 1099
583 550
659 1036
457 162
711 811
245 351
365 475
206 800
690 655
111 574
670 920
56 380
148 549
174 146
982 464
696 680
671 808
461 964
965 655
1036 993
113 869
334 595
974 80
202 361
127 1096
834 777
766 1093
450 895
260 1098
725 571
772 196
314 702
332 1069
52 252
48 892
797 769
212 761
963 1050
917 374
154 542
414 715
996 806
246 467
447 781
709 592
349 236
675 241
424 271
129 108
419 646
1107 624
603 629
1046 606
298 423
468 920
665 855
362 920
177 572
689 109
626 1096
426 463
996 529
298 627
618 699
638 310
997 715
467 363
502 689
824 817
623 975
702 106
25 963
504 1014
553 487
552 56
516 57
111 199
1077 325
528 188
217 215
988 674
676 312
85 800
1086 730
10 619
1102 663
137 937
996 896
746 1092
87 599
249 952
286 494
745 490
43 708
655 184
580 409
807 557
73 745
169 502
574 992
546 979
675 310
288 446
541 342
65 375
51 126
305 595
978 717
252 341
289 379
58 861
332 829
357 87
607 772
591 460
968 184
701 357
395 801
54 1035
1077 1001
86 396
711 510
1109 1086
988 755
543 710
464 567
695 1009
2 487
872 912
49 787
607 450
668 182
270 317
874 1100
449 574
375 571
475 213
810 238
993 666
409 656
423 1053
289 881
899 670
671 220
194 1073
734 445
1072 912
788 54
759 431
297 699
574 447
899 940
19 252
838 815
526 220
537 490
914 400
768 175
184 1040
102 451
674 508
704 768
936 986
638 887
1043 993
769 985
386 172
542 391
83 894
984 810
63 302
850 1065
281 706
425 545
942 720
389 893
993 267
959 204
98 215
739 971
1109 912
682 767
1096 926
1098 729
281 161
768 452
62 1028
238 968
1101 225
544 30
383 15
92 960
1047 457
1105 611
1070 279
454 742
511 822
483 133
422 225
667 897
493 608
694 549
834 7
857 1075
910 981
915 776
57 76
548 719
635 579
1073 1060
188 40
45 47
670 940
518 733
933 203
782 180
1048 1011
667 860
473 156
170 837
1085 928
744 18
543 175
189 566
1017 147
225 1101
1055 762
547 609
915 350
1091 532
110 42
611 707
351 14
969 129
158 56
691 677
970 367
82 319
546 1009
1088 25
1105 602
92 350
73 1065
737 504
193 142
142 605
532 438
1009 416
22 455
887 959
1082 806
455 394
691 511
411 549
416 943
645 631
277 141
164 217
494 713
733 402
813 28
1044 126
386 485
595 1080
594 622
706 421
92 1070
459 657
329 961
246 79
660 205
281 1004
700 630
216 242
674 628
899 276
427 579
498 430
630 270
262 779
94 194
16 894
1015 759
263 895
996 27
977 810
962 206
325 710
701 427
702 567
278 883
528 647
1008 404
854 1091
587 165
95 36
623 660
879 306
889 613
924 68
391 745
614 531
766 90
953 72
478 357
581 485
803 730
655 1085
756 226
692 102
1001 393
259 1019
605 169
269 642
146 139
347 763
24 864
515 759
666 552
1102 970
378 286
1097 238
928 89
678 546
827 164
300 570
773 519
372 124
670 1011
974 159
119 343
277 786
701 263
897 20
984 30
180 601
248 387
198 489
258 191
235 32
697 745
840 169
361 26
75 908
1090 108
443 137
454 551
741 355
220 856
917 349
942 223
816 706
35 74
294 521
731 148
1090 490
27 297
833 614
1011 169
495 12
330 2
137 273
957 974
1096 679
444 946
85 1086
1013 56
426 299
1041 1108
294 642
862 416
677 77
845 4
228 320
372 631
414 176
1073 62
59 523
558 710
571 974
59 160
1058 319
897 1018
907 526
171 206
223 620
414 577
164 877
1074 849
982 210
988 16
242 913
874 852
361 137
196 588
820 900
492 478
805 587
562 354
599 620
840 52
37 987
243 591
552 28
1018 315
243 615
274 809
499 138
107 49
582 457
1089 753
34 727
676 83
1048 174
912 1097
776 721
787 1102
351 436
1018 43
939 42
367 296
626 826
810 545
1048 977
717 243
271 469
1105 540
1082 970
716 901
479 541
745 420
194 793
592 662
999 626
508 914
128 925
374 579
839 39
730 981
951 956
996 760
317 204
533 217
1031 287
618 581
1023 721
100 355
998 295
487 168
518 948
489 822
406 1005
1093 881
566 222
205 12
944 502
174 736
400 942
501 509
192 818
158 312
659 38
862 989
89 236
484 957
10 753
989 812
103 20
361 531
966 979
968 1001
549 202
274 95
510 203
295 632
221 639
566 209
279 690
544 176
851 253
198 3
510 415
388 23
698 1078
878 996
669 104
790 980
204 320
322 388
513 22
881 989
194 897
40 904
129 175
707 454
63 804
668 606
1070 1025
732 123
142 12
442 139
199 208
202 765
693 416
1081 109
753 468
58 575
738 271
399 993
270 510
1110 713
1007 596
479 206
302 56
838 453
407 846
1061 411
567 797
701 170
1020 621
1055 987
1019 467
822 198
1089 212
897 349
440 940
833 407
782 12
971 614
722 981
373 528
818 960
208 273
690 207
749 496
1020 22
242 16
140 228
525 841
991 1023
42 627
327 21
642 443
631 518
962 736
1072 705
748 510
1097 723
525 923
91 513
598 882
631 856
500 189
764 466
872 13
195 409
1015 332
888 57
589 5
361 547
828 721
272 403
315 203
512 83
323 54
899 403
178 711
120 1013
202 772
862 166
804 165
252 959
456 871
218 389
295 331
730 1068
719 176
36 56
441 131
1021 964
717 722
714 468
1009 172
66 612
768 103
152 500
662 470
1046 560
1041 1023
397 537
14 577
210 44
423 892
553 1055
64 76
513 828
268 505
519 22
1053 1047
456 595
489 159
273 1009
466 1037
333 818
1062 635
868 610
1039 756
600 984
735 164
358 18
1038 253
25 886
1024 1079
142 936
194 855
105 569
718 783
153 235
352 913
247 502
979 274
739 170
188 298
159 385
670 123
1106 54
935 319
154 457
1000 722
759 769
905 943
109 383
316 630
451 316
460 1083
494 969
444 48
62 319
760 1100
386 70
272 853
468 687
102 977
1042 491
670 73
496 352
609 91
724 434
142 267
804 1020
407 139
980 641
885 397
911 60
938 585
29 1071
912 1103
758 908
32 442
95 891
1047 591
241 736
767 517
397 1075
601 379
49 965
148 974
869 1084
539 949
1037 741
840 890
58 367
1014 435
183 617
1021 782
380 487
114 669
92 525
1040 864
380 229
788 1068
804 231
437 766
248 827
216 253
62 1101
972 145
1005 80
82 1003
51 646
930 902
597 463
417 1057
197 347
241 553
570 108
1010 773
523 657
240 868
744 123
286 235
938 870
400 961
587 341
246 301
890 261
466 330
249 808
1046 747
249 567
318 804
982 260
952 791
201 1102
626 923
194 699
913 837
855 686
345 770
754 993
79 985
578 271
193 40
996 369
114 229
37 101
793 1020
190 248
793 239
747 615
1107 180
772 959
296 287
192 674
459 621
458 498
754 1086
415 359
490 915
760 675
515 318
520 541
966 1046
670 696
717 543
799 966
22 882
911 680
109 778
17 995
458 1014
560 978
960 240
177 768
61 1020
837 578
154 779
797 894
556 391
842 1057
76 1021
252 46
468 1071
1087 622
819 444
382 388
957 102
819 328
243 711
558 436
190 295
607 244
315 999
853 292
151 454
300 249
352 901
782 484
675 1087
287 513
614 750
908 228
1046 726
1015 673
1034 741
499 107
595 897
1080 679
48 572
914 511
388 883
971 479
948 427
39 27
531 162
85 139
343 384
12 783
741 1034
1039 223
266 1088
1063 69
1011 932
901 41
455 774
144 926
481 1045
481 428
173 965
1099 137
52 281
291 1087
252 569
1047 461
275 232
797 538
402 808
1040 831
435 14
496 1097
48 17
253 370
231 51
920 371
428 1104
496 254
271 779
747 211
939 754
107 912
73 504
515 1073
305 592
577 197
111 1084
695 1033
265 465
980 937
1025 880
594 472
1105 1044
841 1019
1107 954
393 807
417 321
984 474
446 833
928 242
565 1025
272 187
32 563
890 856
122 685
966 247
841 948
458 253
454 608
231 1018
389 77
9 137
394 664
298 1035
419 839
337 443
171 431
745 1010
1034 276
409 885
929 5
426 771
832 797
279 758
1035 1054
952 1105
565 95
159 357
185 365
175 431
503 715
1021 626
1000 28
1079 93
961 204
34 385
752 1076
603 813
385 451
366 660
278 415
819 505
371 1095
1090 269
232 695
735 486
699 628
362 542
110 136
622 1025
905 1093
574 18
573 968
541 224
467 1015
500 58
1063 435
709 86
97 172
818 57
425 1073
992 624
865 123
859 147
314 1028
746 577
935 639
424 446
699 666
898 540
301 1024
1057 438
85 528
845 295
309 369
590 252
967 676
165 527
70 285
1 51
218 959
765 421
331 244
46 516
250 1080
1094 885
281 1067
24 881
241 631
503 771
701 21
898 526
666 848
867 176
482 909
556 312
360 969
1007 259
376 321
653 46
355 749
131 913
498 1012
971 837
651 239
101 394
537 270
189 34
1030 433
259 195
249 11
460 1012
445 509
796 56
1042 93
658 918
300 443
149 281
608 394
423 101
626 561
704 412
428 542
742 62
70 945
136 518
791 327
822 1010
592 155
712 212
241 6
1076 1080
863 43
481 817
923 141
24 134
1012 761
443 422
964 444
576 67
479 64
980 231
802 720
659 378
562 1016
771 866
641 1057
680 190
523 748
298 1085
1018 708
1061 743
137 800
899 191
400 526
863 379
492 152
50 591
497 1106
38 436
957 759
167 868
258 893
781 1105
420 275
100 198
1087 301
801 422
816 1035
293 970
803 377
1107 734
415 648
941 936
734 368
704 241
576 111
1019 511
100 1029
651 994
867 793
865 825
957 285
924 298
760 311
512 278
438 801
0 0 0