50 100 14
579 583 914 142 976 158 910 874 386 66 686 901 380 40 41 490 106 19 606 178 774 763 823 663 349 991 595 625 48 619 499 469 216 229 4 729 25 461 849 520 700 830 435 378 783 456 883 42 757 515 610 557 806 99 435 479 573 837 610 871 324 174 349 282 540 561 349 953 333 469 714 77 671 310 599 565 859 820 575 919 211 272 618 564 464 29 177 782 187 319 781 969 909 731 321 882 651 135 879 646
320 643 497 644 525 686 248 424 86 379 252 329 464 308 221 120 186 296 971 840 331 346 262 882 720 612 385 188 989 354 178 745 252 84 230 845 501 557 550 212 493 348 537 321 703 851 179 512 769 796 547 454 671 256 789 863 336 593 142 442 194 603 367 73 273 154 907 213 994 928 764 884 542 876 822 656 831 630 789 395 629 544 458 71 256 931 332 609 401 267 824 485 359 999 474 561 631 223 449 925
778 484 615 688 724 187 733 927 575 331 996 420 33 821 184 784 407 277 71 624 217 49 404 734 291 753 178 765 679 924 965 430 531 943 437 687 227 702 37 702 750 511 286 605 123 798 906 215 711 263 166 710 264 178 745 207 365 438 956 978 647 266 638 85 940 934 144 120 267 287 249 123 362 569 794 593 887 398 992 637 395 510 614 735 830 967 825 873 666 352 303 750 984 900 580 519 958 142 259 414
498 263 883 311 392 890 78 508 561 807 740 223 959 553 391 864 115 550 136 670 738 522 883 481 14 361 976 634 441 26 771 544 117 138 80 583 131 957 464 984 489 845 780 48 168 729 311 327 504 629 661 999 206 704 8 712 913 568 825 237 256 471 388 296 245 501 989 978 839 352 698 768 745 968 39 838 805 287 539 283 665 609 895 349 264 8 789 834 727 703 429 783 536 534 288 269 806 133 382 622
972 905 176 341 24 640 894 587 171 132 706 698 704 88 447 42 448 19 726 494 984 323 421 254 687 40 371 985 641 266 152 733 444 653 579 71 126 959 532 195 958 601 421 462 273 115 190 746 491 304 489 706 941 252 361 24 754 132 887 775 141 949 706 355 509 621 750 433 842 656 959 840 751 311 134 164 315 559 996 958 209 531 281 222 477 577 627 885 421 981 551 524 132 684 822 883 732 192 441 898
321 360 109 969 779 796 386 57 838 738 736 524 503 352 961 47 204 391 40 385 272 294 174 558 471 793 22 914 275 589 426 935 194 446 249 935 536 390 698 208 505 792 656 491 98 893 921 298 96 166 981 609 905 959 919 495 705 790 349 16 243 650 647 6 967 924 572 735 162 81 57 119 162 52 260 625 548 632 462 343 862 895 901 914 809 511 412 653 416 525 326 596 80 943 581 688 989 67 461 902
61 402 547 591 458 559 53 780 746 150 540 289 196 947 554 559 491 292 374 13 621 154 367 513 58 502 986 805 863 789 741 611 282 686 970 490 330 914 916 270 524 643 271 984 533 330 25 451 984 554 508 1000 252 541 888 721 272 980 270 553 665 630 53 683 770 919 225 981 152 797 352 128 59 144 685 155 36 684 699 400 702 463 723 216 421 368 302 517 533 240 8 493 90 517 228 731 851 632 305 34
960 81 246 217 609 49 88 12 862 286 404 118 328 728 538 448 416 514 772 402 475 20 313 556 571 635 909 124 8 899 183 694 219 91 737 746 371 736 696 648 154 47 416 708 818 230 679 34 442 560 343 594 190 898 689 294 266 63 298 768 854 964 669 38 319 598 334 500 886 424 4 635 911 888 565 56 21 877 853 124 253 283 437 771 593 178 64 373 704 375 301 94 779 356 665 214 822 193 182 494
147 321 304 171 999 617 499 704 173 634 233 420 409 20 101 330 943 153 392 709 26 921 123 929 188 890 428 551 841 665 796 60 975 359 908 79 394 796 682 829 778 492 84 433 760 449 132 498 694 215 416 587 226 798 41 253 872 437 307 301 405 876 318 767 273 203 664 291 177 248 764 519 866 618 656 859 587 435 209 849 128 853 277 660 544 112 150 70 400 897 745 787 350 882 897 121 403 613 703 737
47 692 840 391 850 344 658 945 465 667 759 159 867 172 909 317 952 494 103 913 100 339 281 624 690 445 49 869 919 336 320 969 695 964 561 450 413 664 640 118 774 281 835 551 102 119 525 832 155 947 996 588 197 750 432 868 95 265 811 67 718 848 463 278 657 422 656 862 136 369 131 249 180 609 123 609 737 255 247 960 226 482 483 549 186 654 295 127 934 746 73 753 525 467 985 955 718 805 779 440
356 534 383 129 789 56 52 375 501 984 479 78 592 377 292 524 199 121 205 193 973 484 618 676 890 380 908 281 399 111 30 270 819 779 743 733 621 856 312 610 837 692 158 191 47 170 82 29 385 506 336 666 673 270 855 164 817 363 646 281 322 350 325 714 771 265 393 843 245 426 589 535 754 497 133 784 747 151 212 714 43 592 322 699 156 229 936 519 653 60 667 602 360 163 137 664 240 67 496 798
410 896 576 831 605 873 533 223 207 131 970 387 861 559 39 1000 351 49 647 872 683 329 200 259 861 457 643 660 11 431 681 746 408 329 334 897 311 762 20 357 422 39 461 759 161 647 313 342 360 239 29 445 534 644 904 4 161 516 690 886 395 632 929 387 80 497 185 219 132 467 912 918 890 587 234 189 798 122 579 798 948 761 614 548 30 948 452 475 965 518 84 686 712 629 312 234 445 360 826 748
157 16 947 371 698 976 396 309 4 682 992 874 943 19 73 954 709 540 60 787 331 388 307 53 812 410 743 721 440 960 578 889 299 424 0 928 813 298 499 26 545 45 289 4 463 248 198 777 933 707 854 311 430 203 909 996 669 876 370 351 807 902 140 768 557 547 630 47 932 914 281 780 192 739 74 692 803 867 778 337 520 948 861 899 47 532 257 310 671 356 292 553 206 495 839 342 382 228 154 931
860 929 297 653 989 826 901 104 61 5 861 674 372 376 393 542 74 464 279 812 959 838 847 935 476 989 632 543 682 35 62 144 19 344 916 5 990 27 188 476 372 728 499 911 959 461 930 825 23 723 345 589 945 220 578 288 2 334 218 507 820 641 7 881 938 424 65 472 405 495 937 599 558 434 115 635 720 515 227 475 881 413 12 894 307 203 641 215 718 306 932 827 612 698 405 698 132 924 119 217
200 34 495 69 734 86 763 894 923 836 63 329 881 529 655 104 998 773 397 498 731 499 989 72 330 333 728 524 485 7 266 424 866 624 938 414 561 469 868 708 400 450 270 588 107 816 460 279 605 455 188 845 700 960 466 647 331 658 466 653 980 328 508 807 906 525 805 965 249 73 113 673 588 109 73 80 891 538 805 347 360 950 193 773 830 294 957 782 167 882 22 631 593 436 408 727 91 802 986 868
442 326 930 101 229 927 864 373 295 341 251 914 391 982 572 239 502 820 425 55 104 945 333 487 291 513 343 447 93 800 838 190 444 359 632 24 668 854 683 658 117 505 64 344 840 334 320 868 15 672 466 137 234 142 245 504 146 377 136 505 338 783 66 813 995 870 279 933 187 85 367 864 889 942 810 278 743 821 414 608 478 178 419 526 733 240 256 703 219 855 797 344 32 182 218 424 121 890 934 149
783 288 776 918 16 832 867 144 152 421 37 445 283 118 510 438 972 248 30 729 678 775 520 422 140 973 445 639 32 758 915 342 276 858 305 740 499 730 692 132 14 289 984 808 892 720 80 551 35 17 510 965 679 865 947 729 151 415 108 881 737 148 286 268 202 544 260 622 210 457 296 962 920 235 883 561 422 30 988 631 466 126 176 421 371 481 275 158 941 941 922 385 536 298 1000 889 291 827 224 848
129 841 879 885 96 498 717 493 543 922 577 533 258 141 531 216 7 105 149 622 906 265 319 682 907 896 492 880 731 284 950 70 598 972 341 542 43 714 302 319 354 711 708 201 603 727 130 351 573 996 398 933 459 276 576 999 505 77 345 267 48 852 464 940 948 575 257 108 900 950 696 78 879 911 985 409 406 274 665 309 934 161 668 66 281 775 942 857 530 801 630 278 711 824 451 213 615 757 902 658
330 184 276 849 683 740 13 279 656 904 249 824 169 243 420 128 324 734 766 961 733 846 301 856 899 589 385 160 398 883 106 285 128 941 915 774 885 723 28 394 538 93 276 0 983 522 303 642 805 782 859 454 782 812 60 776 875 641 765 534 717 586 780 987 498 24 64 553 775 977 268 166 694 48 50 679 806 540 781 148 327 719 385 404 406 747 494 790 730 83 884 707 93 877 128 918 138 415 901 437
194 298 599 983 846 445 525 699 696 216 132 463 20 516 602 317 0 781 678 222 379 865 55 425 155 399 61 367 166 4 578 745 159 818 631 808 175 203 448 520 182 106 825 676 654 800 234 625 505 975 459 373 80 547 762 167 35 693 45 671 820 227 459 91 235 858 234 576 945 453 590 976 785 289 512 37 638 370 355 567 921 470 914 375 29 532 136 299 457 43 364 923 238 431 517 530 276 564 650 58
613 314 518 632 387 332 291 816 653 568 135 940 285 486 7 818 766 468 475 665 392 2 487 119 455 508 304 410 200 529 9 740 726 891 818 683 234 584 705 923 647 647 837 977 66 177 963 11 281 585 357 363 544 13 958 793 149 518 979 778 842 798 299 310 653 497 243 59 305 253 597 434 581 777 704 833 655 404 746 982 767 615 268 231 609 12 248 487 378 553 798 975 329 605 652 433 105 694 200 950
312 961 884 440 313 296 559 479 243 220 698 331 754 502 976 473 15 714 275 912 987 758 480 151 851 6 943 231 993 512 888 16 213 816 296 565 343 460 205 64 687 128 44 634 342 921 410 547 297 580 143 161 943 308 468 643 257 138 678 34 47 710 269 812 818 448 754 705 440 434 167 291 904 81 757 555 344 155 527 21 607 711 771 865 372 549 929 963 835 958 737 142 90 402 992 621 552 869 362 776
12 930 439 672 731 596 436 333 400 967 446 87 459 469 523 552 782 998 122 809 155 238 1000 689 652 432 463 471 204 350 43 853 738 197 103 904 296 523 314 812 861 839 825 678 475 223 694 400 207 827 401 59 602 581 233 524 202 372 631 12 668 172 162 658 307 403 857 233 788 21 993 34 645 614 344 719 263 979 19 861 694 10 843 776 100 403 691 962 811 892 238 892 457 250 645 185 566 886 342 718
688 585 707 135 385 865 849 763 798 375 683 659 929 177 248 198 498 201 774 770 488 649 419 124 189 134 858 334 485 266 444 599 651 270 433 596 798 517 465 100 784 59 424 683 497 385 252 122 447 294 737 439 326 398 848 90 472 640 729 651 191 710 882 669 254 843 666 98 166 714 598 19 289 570 171 205 252 720 101 154 518 564 352 919 501 995 732 540 648 958 257 840 452 293 96 532 507 629 12 43
489 93 75 172 745 196 554 406 803 66 878 709 459 598 767 246 646 538 192 846 49 545 2 995 45 897 625 343 336 778 714 922 846 513 865 581 942 118 874 365 542 225 757 126 194 806 498 919 217 338 626 377 486 865 708 112 278 54 984 70 963 518 9 681 515 183 981 893 35 153 131 68 244 537 267 930 565 419 951 782 757 692 711 987 12 643 564 723 210 843 269 862 295 525 397 360 858 301 464 119
913 495 148 516 957 629 30 77 964 860 17 883 261 998 920 406 422 614 576 372 56 138 558 790 648 39 121 459 691 275 261 14 195 602 672 243 992 928 763 85 956 629 735 985 924 5 117 478 607 516 564 137 673 848 277 995 398 752 424 822 285 389 116 211 752 196 896 429 304 144 904 20 284 677 627 943 908 829 968 301 82 613 650 743 671 301 434 543 470 430 439 497 997 767 165 197 298 749 455 155
118 906 357 129 243 519 473 69 947 674 408 708 467 915 916 816 72 491 274 308 707 34 412 249 749 888 79 713 171 624 547 780 300 636 379 731 39 746 317 769 855 852 290 532 0 65 112 257 657 576 878 720 500 346 220 933 435 332 701 495 69 823 182 562 982 45 949 177 691 401 685 531 904 655 113 341 25 605 697 245 470 631 49 387 676 597 369 491 146 666 518 17 423 348 559 410 939 759 881 149
130 90 991 937 189 479 800 331 618 193 681 857 828 274 688 731 90 468 998 327 429 182 930 752 397 215 948 132 213 571 343 995 470 498 650 398 523 73 40 63 103 266 522 189 317 663 787 724 294 831 355 304 655 17 244 165 148 957 549 813 748 563 225 126 738 127 81 674 539 917 573 725 282 383 607 128 533 872 689 150 870 638 583 633 166 178 306 91 822 227 637 809 239 243 254 884 28 563 703 981
327 587 906 983 317 738 24 950 974 257 833 347 460 404 193 725 616 887 610 363 411 574 416 756 909 519 136 787 837 323 306 999 434 19 594 760 361 416 795 829 400 237 122 834 1 351 327 339 999 346 818 547 788 179 789 817 249 99 673 166 350 633 941 493 859 878 962 601 932 883 377 847 592 625 814 937 977 264 128 65 763 493 242 467 297 861 964 804 393 863 131 164 420 910 27 322 686 552 495 906
276 493 682 989 593 33 627 539 302 7 485 842 813 360 362 427 277 815 847 172 485 343 128 589 328 19 251 430 196 160 851 582 750 727 286 626 719 993 633 334 556 265 800 176 880 968 306 241 427 499 276 283 567 248 119 573 20 280 405 851 12 181 705 22 582 838 358 291 925 572 372 937 120 543 962 815 147 432 742 577 551 639 161 656 321 199 168 545 875 200 174 450 955 560 642 242 851 575 107 421
435 384 732 32 558 797 7 815 887 973 615 356 72 335 343 572 959 986 175 488 447 739 244 811 297 858 413 881 254 208 447 840 745 700 697 600 716 173 828 469 448 422 38 865 147 954 363 470 814 426 765 451 324 304 415 232 769 105 48 689 593 384 105 905 358 845 85 431 880 269 833 14 753 453 147 388 668 865 692 439 377 27 652 409 787 867 3 220 813 693 861 413 290 642 109 876 680 172 700 755
624 762 174 664 435 355 242 949 513 335 245 839 151 693 278 145 404 735 699 994 440 736 67 423 500 900 449 285 754 580 62 467 327 518 263 89 212 258 904 194 299 749 498 562 537 125 178 368 923 151 562 492 372 822 53 201 482 711 155 687 265 765 905 161 917 969 256 53 628 907 621 139 630 642 996 520 317 315 610 485 6 64 285 485 417 410 226 110 486 893 590 420 798 78 196 726 610 137 567 520
422 517 48 166 587 298 845 783 432 50 924 937 126 359 190 831 950 543 159 365 383 268 302 586 573 46 112 488 687 99 609 55 305 660 234 654 129 265 594 181 203 404 193 866 672 884 343 478 686 879 335 65 519 669 770 73 828 477 554 328 89 891 172 803 185 264 394 976 60 729 351 965 222 736 960 705 208 422 697 463 541 175 886 45 972 815 545 790 694 608 144 308 192 742 674 879 169 732 908 244
178 507 297 769 348 462 114 960 478 578 949 282 140 545 110 767 698 438 995 174 575 705 227 45 291 703 533 603 330 445 549 570 898 796 915 133 84 397 12 428 142 663 796 150 680 832 587 802 502 645 44 53 513 833 615 849 599 17 170 641 943 519 259 686 853 686 15 503 200 155 363 349 409 552 826 741 323 347 804 346 548 64 64 415 564 341 841 442 763 263 636 863 734 537 885 63 183 273 341 596
736 896 340 140 294 828 109 819 805 647 526 962 249 703 611 151 938 124 791 870 349 956 354 110 886 68 555 544 505 289 449 404 742 689 468 148 729 377 236 979 941 500 57 838 869 203 57 170 598 617 557 103 844 684 748 432 665 40 564 963 167 99 84 565 798 890 110 154 825 53 538 160 4 290 242 271 656 212 962 653 408 796 843 667 164 235 130 962 164 220 229 779 767 708 692 249 865 656 608 496
608 645 977 766 351 499 569 815 483 901 700 945 500 553 816 523 523 98 300 810 930 991 31 194 749 122 392 903 172 428 768 318 542 645 517 285 534 968 441 129 698 559 720 776 646 694 479 559 933 700 942 32 593 463 734 773 806 615 2 615 478 819 494 693 122 740 494 670 819 4 796 500 637 371 143 411 516 195 77 100 699 173 743 30 612 590 635 78 106 836 533 8 295 353 666 758 535 810 503 329
926 906 851 210 373 153 791 646 536 946 58 27 932 844 135 555 526 937 687 299 68 959 176 982 660 472 747 948 628 439 513 648 143 695 361 652 967 732 300 406 914 378 225 772 918 857 66 296 331 428 4 359 584 903 312 446 253 156 435 508 55 407 119 587 359 495 361 97 214 567 239 667 985 211 474 204 863 66 969 553 849 202 355 925 536 854 397 478 393 933 267 121 389 942 924 452 403 788 795 305
273 754 248 788 867 333 794 751 519 260 163 197 986 265 674 541 171 2 443 169 669 867 500 138 377 834 524 9 813 779 142 911 34 653 155 406 433 175 268 387 447 305 717 703 100 212 173 237 469 435 648 144 310 682 860 978 575 840 894 484 956 406 535 33 7 371 974 691 84 454 964 531 494 888 580 491 381 136 717 295 770 984 285 671 443 160 420 611 196 392 265 449 281 962 641 45 810 539 163 455
232 685 150 521 313 145 79 585 96 86 964 362 778 3 185 552 208 481 981 819 262 889 871 680 65 209 38 58 416 537 369 416 557 41 712 511 738 36 282 211 602 985 853 827 186 970 366 607 13 624 433 939 972 33 687 669 297 269 843 179 537 264 795 566 9 867 107 832 257 711 518 316 447 592 974 330 165 507 918 556 536 740 508 855 437 495 207 627 533 249 188 511 133 0 346 171 550 46 407 999
426 24 373 303 638 659 711 623 134 993 490 24 93 5 914 268 955 876 411 967 672 94 379 523 381 30 488 773 669 752 774 708 462 28 548 294 523 33 470 451 986 62 919 284 647 660 82 315 734 857 166 448 436 370 256 53 334 531 242 185 867 956 467 838 643 593 374 614 646 290 455 187 606 362 111 138 50 706 284 800 420 684 710 661 379 107 680 566 151 430 704 757 913 283 581 189 909 780 444 564
750 992 258 941 870 173 538 405 803 466 140 223 950 938 914 544 133 696 679 261 726 805 784 480 217 163 447 892 5 616 89 645 545 170 899 448 129 298 479 67 670 30 364 753 434 763 19 865 788 884 562 707 569 853 952 995 832 679 979 480 226 806 277 335 943 586 418 554 986 399 406 492 801 919 394 252 534 752 899 853 888 258 545 726 667 664 864 99 332 342 694 188 40 391 971 686 305 356 393 356
512 923 233 210 874 936 132 253 714 691 53 711 58 651 381 250 258 334 878 983 682 64 953 174 579 602 767 96 453 955 940 62 778 60 689 769 461 685 206 353 100 446 101 590 127 364 105 206 682 597 652 622 365 443 834 35 665 494 4 425 289 956 824 766 840 269 435 244 263 800 593 335 625 329 805 870 2 801 29 778 12 819 549 382 627 102 769 664 782 197 912 245 541 661 720 35 230 13 202 364
765 711 735 272 654 849 784 877 47 603 633 997 313 3 228 533 233 209 27 648 219 780 87 967 22 98 468 69 732 648 539 383 204 765 540 310 957 702 175 286 337 631 675 780 384 159 54 876 852 475 599 615 815 642 132 84 744 656 932 59 603 279 925 204 976 849 527 145 994 924 486 488 518 727 194 783 642 559 577 227 903 780 457 517 322 8 20 183 684 819 398 938 89 906 537 747 227 765 420 657
889 482 599 75 688 461 395 655 352 484 275 309 705 30 781 975 676 36 985 566 134 430 917 259 805 530 114 347 633 858 925 275 569 54 655 359 917 135 505 43 655 477 704 747 476 825 472 674 613 220 256 738 986 60 334 320 719 165 583 733 138 15 584 873 138 250 164 740 215 777 917 335 541 460 859 810 73 524 414 596 161 617 444 179 437 9 405 667 540 716 682 531 441 407 921 242 993 647 271 707
303 140 931 910 246 247 666 299 736 553 325 794 897 992 782 202 289 674 534 329 334 833 596 647 24 6 294 991 959 496 491 579 730 339 129 775 485 660 870 408 232 359 20 240 456 42 509 578 538 439 923 591 533 691 697 258 755 441 414 533 527 644 597 653 497 585 2 45 589 898 284 114 599 823 292 722 512 176 493 167 379 788 162 100 928 845 916 446 137 139 86 582 621 614 108 168 321 819 576 464
625 679 27 45 254 477 773 576 539 620 974 178 347 932 643 878 673 480 885 195 206 814 209 915 85 894 802 599 114 966 156 767 763 102 545 843 145 400 442 951 820 163 192 391 175 438 404 304 27 420 163 879 378 720 407 235 566 277 196 363 243 793 960 430 51 903 956 310 859 468 750 548 669 935 19 191 308 604 650 392 499 122 130 287 967 283 21 59 2 524 701 854 789 311 109 553 755 76 710 898
622 214 494 880 90 995 330 537 18 196 866 518 441 683 978 342 555 589 236 709 509 697 96 925 28 745 638 346 18 999 557 958 932 343 940 9 380 110 997 734 32 224 188 426 456 199 342 385 739 890 842 805 5 569 908 261 322 932 485 904 460 308 950 488 296 216 72 816 755 615 895 919 901 283 920 227 252 36 421 144 382 984 836 406 702 102 174 895 487 809 872 426 61 652 900 19 750 251 977 352
489 547 159 946 891 468 269 658 899 194 595 250 248 207 569 382 987 971 53 315 163 42 555 113 422 568 973 99 341 894 712 602 525 509 411 386 720 458 357 194 455 49 319 239 483 558 114 526 420 147 960 477 336 655 201 160 620 974 442 808 384 760 920 985 975 181 415 386 307 174 954 306 716 872 237 549 758 88 9 814 486 948 307 418 557 769 386 127 350 419 135 869 838 9 222 102 132 437 423 438
281 755 995 89 206 309 921 376 758 621 144 30 99 877 887 898 832 861 334 945 413 92 439 539 556 717 963 111 466 599 203 380 97 576 695 122 445 904 271 596 436 665 504 143 210 888 115 506 880 139 65 537 230 816 71 724 405 868 951 347 734 440 640 996 668 117 809 863 683 943 122 954 15 756 910 675 458 499 413 549 876 910 623 454 697 417 421 970 520 621 720 957 499 552 875 416 987 327 110 881
533 238 492 244 359 603 789 954 516 566 831 795 190 836 587 729 329 248 581 987 679 46 524 641 873 721 421 116 501 768 170 1000 599 608 101 277 971 84 39 493 119 876 790 99 908 937 704 903 376 779 199 501 184 503 85 911 516 811 53 147 489 102 467 149 962 620 342 882 252 478 19 988 666 553 344 779 309 702 740 370 820 744 370 772 722 776 475 199 263 877 290 277 679 463 502 890 949 989 940 303
