765749591
615890207
35626579
356183461
875260819
570056989
703679939
8132709
160643804
90112159
827536521
331478199
738308577
432899956
400750715
96716941
1
544544785
690138863
498333540
804119076
285821569
365543605
29145037
166152284
143522642
517092353
297900926
35234239
539620607
319182241
16637152
570597063
118438777
871973426
541621011
146120765
416152123
100467496
812433049
490665326
1
15777415
298182356
478172864
122296471
346490111
313779809
219233665
836292337
164842815
507786895
430344697
755529186
341436686
156885483
681582329
61756286
608510017
104756581
702940499
783940871
205184305
470900543
215507176
800614299
16326906
699185276
631651424
198059287
445497403
317155858
649485149
15189095
507729941
737981849
917485997
224323399
91296953
678869080
602484119
1
1
336529727
314120043
294925279
551958931
326357791
713380674
567457819
781536971
619507639
189135886
79146131
198321696
85650543
71757814
420186823
403076330
412951649
1
525231101
662109122
484375723
151919704
644267648
3352805
157805647
845723923
694259477
743991809
328249303
379498943
369707539
752723761
486384493
1
33206303
347076119
489468649
280408639
77803181
807198755
838133911
710299241
898837669
358003129
564504734
800630410
422508931
27293551
3951393
565032349
80599971
456089024
600109912
415905785
645229439
170800465
212511148
286134649
910009215
32982175
362284892
959315159
593305957
92412833
1
342223649
266684761
309852115
37886647
304724335
49221971
227185399
667928743
393915257
241094717
1
206894096
94536322
420046943
882191584
198314384
107753147
722124018
282086639
660070399
13650376
892837799
222441855
15673644
855078797
629743568
395568382
8442705
196090114
645117471
224900051
1
550519802
819005401
192109045
182500192
73152710
1
857848861
105095395
358160421
110184391
1
37790761
424136753
379281079
98456617
60220384
856291997
592266285
965867833
219522677
111464057
94675729
396173455
361222223
178163383
902421701
725984638
1
725798293
87175661
389841401
553104910
1
672866818
345508787
32254466
638555195
596551391
635370821
135424745
223521189
521056131
326336891
340812035
842376924
539048324
427993488
274197663
844708079
239298749
96385095
621830501
399693161
718169551
60196228
825432044
533025471
22867109
528178967
479635916
395011429
334827439
33032959
267102588
549213961
700775599
857378194
602943621
573531221
970421999
731936731
487962412
432933622
1
520352013
734397001
5176107
499639195
489916049
204330142
527860879
1
70375705
519083061
577756831
590807600
233227399
354007583
801749753
262516552
197225830
198060031
542947651
272843769
593525536
482878769
308695086
311442251
141688233
46211735
1
96561881
112111468
256111561
889390501
774687206
373188362
447038855
450668789
1
33572991
320408899
428017033
675546479
281372475
655881511
99436717
9269618
268901321
632259679
346782790
413787939
487944449
603241008
13316841
862493719
633766249
322884463
57068299
713990024
587105055
444040221
363496747
923309829
1
193952825
415656871
818373481
152265323
315969027
357960257
167794073
124445229
440638067
916935857
815162836
293039097
96089519
588600299
257468857
440235539
1
905561191
895974899
474109463
279836774
56760479
564065441
491042215
383699665
502367256
661997868
111426706
1
928428331
230389648
186757828
335846948
88406473
493581629
645964733
246576812
46155041
1
129649683
581666159
342515929
231123969
158512871
463914439
1
1
823104913
354414479
101124635
675936950
457453534
710235849
1
1
513612175
117925193
892012198
34104883
60601969
1
239718479
662908337
35620573
163240976
725997301
625282951
398452909
763469059
693117937
493566187
939594699
332171704
432474536
195173921
654689489
105828339
218356711
542113007
213419966
390961459
509902577
22971647
129081373
119844531
485922317
345866917
1
486824656
420459124
25115599
881370319
539158989
77970839
648745333
837759226
1
223431355
342837899
451666051
455008306
154024165
548145795
120440836
873665497
246749465
851898204
26627095
493006443
624540955
648666703
97734851
497261982
821778233
707864647
227608171
385331373
677982181
448499657
393890695
265490697
404703634
634177727
259361649
380933459
534707382
773459369
7653131
210507899
1
472990001
450404371
1
527290667
483505432
871012117
96233315
181506975
414890601
149819273
1
1908854
782411421
721499140
738707653
650280487
551279194
111547970
500231831
310765365
509208545
63975014
308727749
557917478
449691329
118484563
383475026
288682173
1
62269775
12651535
618776693
971578529
60512470
791133047
319982691
237226611
725147288
464217302
265571623
696974179
331118660
870205997
1
726053975
1
483519809
195049299
555996394
747656454
1
348991849
850339801
268188883
768492560
494703103
307012681
475579924
413658911
666359437
115142553
255970879
605090264
350696098
709596428
114562489
30128529
768158026
651110615
182878291
62310589
113654651
144622423
619692099
1
1
395558711
367516037
254259823
173705771
632983951
129771851
598773491
783046835
521065817
98742291
265114889
32726917
382541503
720323599
268411251
905171389
259998082
326290498
1
181404244
301887261
1
1
705944429
257602201
98474785
715046359
538021791
519976399
187932454
668913507
421193309
837366876
567027981
392780443
828442044
678701512
409675042
525142979
539139556
776186501
179322996
368139412
80421472
430350911
675289497
355781227
608184379
1
265279355
174606379
530933291
668288931
414429940
685173251
150531787
13210251
589195078
802817549
1
165817249
421692351
632131945
1
195950087
785828589
288205285
810146717
331350809
539861906
28704446
1
555024149
672695311
213657947
290991513
144087358
475391245
13546079
1
780659681
100662209
611720389
659685655
784071749
485370649
784127416
784827091
224307965
576430695
357222827
803183921
196802721
199513280
143619499
702221106
80848208
792509333
150894719
1
890743935
586077391
1
82213138
201947117
792789329
293257236
464276698
722385463
181047104
9789376
257509897
421035797
489461855
6915506
58995461
455329869
161182099
173649581
523766101
815235783
528990849
785482550
823242659
599380721
213112231
21025070
243799534
18371044
239162545
69843299
109177171
440891306
416767683
247870693
832354907
1
697705503
298481885
259821836
317098937
280362951
418562181
779832353
1
38845721
653282433
405359639
815683649
708020521
464307913
850556802
673180754
264381551
47654153
746186001
1
586658031
542380933
470059303
97503428
336890401
30872485
1
868664681
342152299
870955135
647445329
778906550
96615807
593991994
873496415
899782357
128505259
449138899
490741345
439562399
449757101
240168050
572197649
1
665838249
798179227
842256051
510922240
21418829
489119789
500294737
343807381
38095571
1
880574141
529016959
437176371
124887014
194641589
802411193
116983751
284308473
728639848
247122331
783133635
905144689
144170853
152022299
1
234872477
588103879
366690267
727472570
396234592
282141601
792118885
293167379
640340375
163493317
373523713
86016503
606118301
528234242
539088106
371005649
281317841
623847193
736162991
1
90466973
401995021
516765655
818998115
578155841
1
1
492496773
448506563
730394071
65928741
732877889
937349911
951050998
294527713
681873159
322084079
448042011
1
1
926208009
457079986
107495165
248498617
47430505
207746785
583952489
34147565
91662703
658124929
306621113
27537713
267064583
729770525
132875293
468338730
125146781
270017226
669884035
177929267
791764774
808963846
642153151
673213663
317663748
774064403
46646525
110784867
702881593
707628993
767325454
681992178
212441111
557099294
77419569
772747921
5242885
616011824
706109350
734260239
364195277
504870189
227761678
868424761
107083871
471020515
834886926
57906685
184338948
875017223
474247565
707379685
1
383267971
197341440
130183617
249872983
217202609
286296759
530207389
42176649
318530937
742595699
308923
245182809
651213863
493584760
543153427
242641669
230432119
459308987
311689093
363378223
490405429
1
776590982
866534966
465636243
774769345
438573101
33247426
324957203
348737339
1
569180744
64257897
799044401
207796174
97620039
382079767
766493122
91044822
122509457
575507288
659981246
780601951
576939435
456597663
757959689
1
240570051
283383171
336479844
200966251
202040551
232361091
1
237311227
845851727
378926671
358588385
363164369
557020353
536544845
224387211
223260116
271538909
214661002
59404069
1
48351122
372697621
1
787204692
429372709
349101895
245313929
868052879
572817569
257837384
1
945990154
724735851
489385247
261688909
834211799
397316009
1
1
97708764
409295263
579114563
200245166
148318556
468791553
369994374
152915941
473394431
805601954
349300565
1
73315803
817590971
730992175
926474737
486040015
624260933
711975866
416915876
189421228
152465467
530534813
263480771
718297091
831792209
734335867
492098795
191611493
324143749
148235317
502148665
937988371
18828511
789249739
221565421
253445267
954369401
363496789
108897854
821766979
307554881
616444440
108013899
546016433
278686671
1
493230119
727940287
1
823577001
503139841
647485487
100808129
335385427
253132523
13138449
360864451
161406375
484355243
362993291
326717931
296251451
634650681
1
617471306
831964651
569805529
265303004
13488713
248887033
248640436
342244241
737301503
108723988
1
341620643
489821919
296613857
853300934
362435235
75025015
618191841
933500383
475851989
279107985
485456303
266369772
761270639
1
30541155
248184463
293483683
11796191
