25 82
19 85 45 4 42 20 38 25 25 82 68 79 16 5 68 11 90 76 89 19 39 48 27 35 21 
11 10
5 2
23 9
24 1
5 22
9 3
9 3
10 20
25 8
18 17
23 20
4 7
22 21
16 3
25 23
11 2
14 1
19 2
1 8
20 6
10 8
8 15
21 24
14 5
8 12
18 11
22 25
6 13
15 18
6 18
9 2
9 24
10 16
10 19
22 20
11 12
23 25
21 9
9 19
1 11
14 6
22 7
11 19
7 12
6 13
16 6
11 12
21 4
17 9
4 5
13 21
16 18
8 4
5 15
16 15
9 12
10 23
2 24
11 7
24 25
8 19
5 6
22 10
22 23
7 10
3 16
20 5
8 4
24 23
5 10
3 25
12 6
17 1
4 8
7 2
12 16
5 24
15 4
12 15
2 17
8 16
25 8
