5000 5000
2455 2466
4025 4055
4629 4659
148 183
1884 1898
737 768
3996 4019
481 487
4622 4653
712 727
2319 2360
640 667
3061 3098
1118 1156
2159 2175
3947 3974
948 950
853 889
2770 2797
4548 4568
1586 1591
1790 1796
4906 4940
3707 3756
68 81
4313 4333
4676 4712
4968 4985
462 499
661 668
874 920
4434 4462
4101 4105
1007 1022
3237 3272
1040 1087
2849 2882
1793 1800
1472 1518
3260 3266
3104 3139
4187 4230
1000 1046
3179 3202
203 253
738 762
3099 3131
2841 2876
2641 2655
3317 3337
3572 3605
3628 3670
291 317
3820 3857
2746 2760
2506 2548
237 263
3300 3335
4573 4614
4071 4103
2752 2759
1211 1220
2126 2164
1587 1627
4730 4765
3135 3176
3753 3799
1252 1282
3956 3965
1559 1583
1066 1096
2928 2952
108 119
4418 4442
345 368
1537 1576
1764 1777
4009 4016
1502 1532
3554 3604
4614 4638
990 1023
1505 1553
1631 1664
683 694
3279 3302
424 449
3195 3242
3109 3126
4629 4633
4650 4700
4511 4526
3365 3378
219 251
478 506
3944 3957
2298 2319
4288 4302
342 378
4167 4199
1865 1909
3463 3493
1158 1197
1237 1264
1798 1807
565 581
4738 4762
3033 3075
1193 1219
208 228
4486 4534
1902 1926
3094 3116
1734 1768
831 865
1407 1410
4556 4564
197 224
4409 4455
633 682
4280 4325
2286 2297
2169 2203
1514 1515
1447 1497
272 319
2871 2908
3293 3302
4122 4133
1115 1156
4672 4712
2755 2796
4204 4218
3015 3035
2122 2142
4293 4303
408 436
2116 2150
2444 2464
3665 3696
3133 3159
925 962
3535 3585
1913 1945
2418 2422
15 61
1960 1991
2921 2951
2695 2708
2241 2245
4577 4607
4786 4803
2856 2875
4792 4807
4542 4587
315 342
743 787
3195 3240
4244 4265
1828 1834
1770 1779
259 294
2965 2969
3835 3862
3082 3112
4957 4985
4937 4976
4125 4156
3056 3079
4543 4588
271 310
4458 4471
3037 3079
3958 3990
3542 3590
446 491
2057 2089
1334 1343
3294 3310
2626 2630
1756 1785
1897 1909
3393 3433
611 620
1270 1287
4799 4844
3972 4004
3869 3872
490 533
3929 3950
1705 1749
169 193
895 908
3425 3437
320 352
2041 2080
1866 1890
4743 4779
1617 1667
4051 4074
862 882
1461 1486
743 778
1307 1352
4778 4814
1567 1589
4139 4175
4773 4813
1812 1838
4497 4542
2501 2512
3410 3432
3638 3677
2409 2421
4962 4969
1209 1210
673 706
843 852
1370 1381
518 564
3469 3489
418 439
4754 4787
2111 2115
1949 1992
4573 4585
3159 3178
3957 3993
3304 3350
3911 3954
4439 4469
2560 2586
2684 2720
4745 4776
2120 2162
4368 4418
4319 4346
4353 4387
805 820
804 826
1826 1829
3035 3068
520 568
1064 1085
1624 1641
3268 3289
3219 3249
575 602
4969 4970
984 998
1507 1533
3336 3381
4975 23
4719 4761
3182 3215
4721 4731
4615 4639
4653 4659
32 47
2255 2267
2352 2384
965 1002
574 591
4505 4525
2912 2929
4544 4591
4908 4910
1100 1122
2587 2612
1241 1257
2206 2247
2584 2620
1387 1403
270 289
270 314
3176 3222
3246 3257
849 856
696 731
4711 4757
4751 4763
4858 4900
1098 1126
4631 4638
2009 2053
3065 3073
4008 4023
3330 3332
3146 3169
1516 1562
1000 1046
661 686
4492 4509
316 335
2407 2440
540 579
3432 3447
280 299
3905 3912
3000 3021
871 895
3276 3309
3736 3766
4337 4345
2686 2726
4458 4496
1054 1073
3667 3678
2229 2267
1926 1955
2405 2450
4873 4892
2129 2173
3611 3635
4468 4495
2325 2346
3654 3660
1739 1768
4912 4923
4657 4667
1951 1979
2090 2121
120 137
1386 1401
4425 4449
637 668
3386 3426
319 358
1842 1883
3789 3828
4517 4549
1647 1684
2885 2899
1774 1816
2789 2801
1921 1944
4222 4225
486 512
133 173
2636 2668
110 147
4694 4696
3704 3737
4060 4108
2349 2355
3854 3904
1551 1557
4253 4260
3755 3766
484 489
3797 3817
1337 1351
3078 3116
2375 2390
1571 1593
3744 3790
4830 4864
3655 3663
3008 3013
1998 2039
3723 3754
1021 1052
2892 2924
1291 1331
2592 2631
4916 4933
1773 1792
1807 1847
2554 2601
132 172
4407 4450
3713 3719
4947 4989
3819 3855
4582 4616
4865 4892
4856 4897
489 527
4864 4874
2127 2175
2777 2810
3320 3352
4704 4708
2747 2774
3893 3898
73 75
1402 1444
3024 3041
3984 4033
3040 3082
3543 3561
4253 4280
2248 2275
2724 2738
4708 4750
505 516
3745 3776
3342 3391
4156 4188
4593 4616
551 569
301 340
716 720
4493 4542
535 581
4796 4800
2442 2455
4268 4282
2282 2297
4849 4899
1161 1171
859 903
948 998
2468 2505
1923 1950
4003 4033
4826 4842
1777 1779
3221 3236
3077 3078
12 33
3203 3205
4752 4770
1336 1352
2499 2522
683 721
3054 3057
4024 4066
4529 4538
1162 1196
835 878
1347 1354
4011 4046
372 420
2060 2064
3319 3335
2313 2334
2140 2163
2691 2701
258 291
3191 3238
2977 3001
3704 3716
3201 3211
1294 1318
2815 2824
2601 2636
1623 1629
3039 3072
4503 4545
1629 1633
2972 3016
3664 3697
4187 4197
3054 3084
3306 3351
1473 1474
1125 1165
969 983
424 431
4406 4436
3610 3619
3925 3926
4525 4542
1120 1161
2980 3003
4477 4491
2061 2097
2352 2358
3605 3643
2204 2223
3392 3403
4560 4578
2857 2874
3349 3357
4710 4716
3127 3154
1432 1452
2328 2353
1588 1638
325 326
4562 4565
962 1007
2425 2442
2515 2551
1257 1275
1556 1569
1837 1885
2651 2664
1751 1765
1747 1790
705 713
1582 1611
1498 1540
3882 3923
1680 1682
1023 1067
3891 3896
1641 1662
4970 4989
3422 3443
4933 4954
4066 4100
4740 4789
4167 4183
2851 2868
690 701
1535 1573
3371 3402
1531 1578
969 990
290 299
3786 3817
3516 3557
4656 4662
1049 1086
1968 1977
2298 2327
1555 1601
1250 1293
3644 3663
253 265
1473 1474
4460 4476
4329 4361
2136 2158
1798 1812
4676 4677
1131 1136
3234 3278
2607 2617
1302 1326
2063 2072
2960 2990
3879 3898
691 735
4767 4797
2861 2870
747 781
2654 2698
2676 2711
4836 4874
4006 4022
3224 3274
360 378
2544 2572
3874 3902
2728 2734
1493 1528
3443 3468
2767 2773
4188 4233
299 335
4723 4746
45 93
1523 1561
3480 3524
3094 3143
3760 3801
4028 4053
551 589
4368 4378
3823 3854
3076 3104
2829 2846
3936 3967
1722 1736
734 778
4726 4742
551 572
2917 2937
702 732
2716 2766
4452 4494
3709 3728
664 667
618 654
231 233
343 363
1824 1871
4532 4571
3014 3016
4429 4430
1095 1143
43 79
3354 3360
4490 4494
4297 4345
2014 2018
3059 3089
2833 2844
1145 1172
2462 2500
738 748
2421 2446
104 116
1184 1205
2915 2963
4433 4442
2497 2513
433 438
686 706
4834 4861
2488 2515
916 959
2266 2279
4308 4339
1829 1863
484 532
655 669
2943 2956
1193 1204
3559 3585
4142 4158
2579 2629
4945 4987
4665 4698
3409 3438
3222 3246
422 446
2925 2969
4604 4606
4777 4795
1056 1102
1813 1854
4896 4921
491 532
2652 2654
2431 2440
3146 3181
650 693
2702 2749
990 997
2535 2536
4225 4243
3059 3094
4308 4337
4388 4428
1622 1632
1684 1726
823 839
718 719
2816 2850
3872 3885
4214 4217
4627 4640
867 912
4136 4184
1022 1060
600 639
1304 1344
2687 2718
4152 4182
3899 3946
842 886
4425 4450
1915 1934
1742 1782
1084 1099
957 972
4812 4842
1154 1168
1251 1269
1207 1254
3167 3179
515 525
182 226
848 887
2576 2607
2814 2863
2066 2109
1839 1889
324 353
1882 1899
3298 3328
4797 4846
3707 3752
2722 2748
1432 1460
3842 3864
3565 3583
793 842
2913 2927
3798 3817
2513 2534
1738 1776
4424 4474
2703 2737
2133 2152
4253 4286
2096 2100
4667 4695
3741 3742
4138 4147
888 905
3848 3886
1904 1913
1446 1481
4187 4199
4526 4565
1817 1823
4174 4190
483 513
3389 3424
3047 3084
594 628
1267 1280
4724 4727
2493 2497
4607 4623
4770 4777
3894 3921
3750 3763
1408 1439
1278 1317
3287 3314
771 781
4113 4143
2099 2133
2746 2769
4893 4922
4698 4708
4964 4999
4494 4517
699 732
2604 2626
240 245
1808 1830
1789 1794
1989 2027
3217 3250
3846 3873
2506 2555
3714 3729
130 150
1557 1563
2576 2624
2391 2415
4088 4094
1496 1533
738 752
4319 4330
3514 3521
2779 2782
4975 22
1711 1743
2969 2987
2664 2665
566 593
1762 1810
3955 3981
3788 3827
651 657
4678 4721
512 520
2537 2555
2919 2956
3556 3593
3831 3834
2334 2339
2297 2347
1292 1302
1857 1896
4778 4812
784 826
1095 1104
1571 1577
2523 2538
2183 2217
2762 2811
4554 4577
3666 3716
4675 4697
4872 4922
4502 4505
875 902
407 415
801 841
4143 4188
3688 3719
954 995
4060 4105
2558 2583
1451 1453
1914 1926
3675 3682
1116 1120
2109 2154
4751 4788
4102 4124
401 404
1278 1321
4494 4501
3257 3293
2136 2174
4846 4875
310 355
4003 4050
4106 4124
316 332
720 722
4779 4809
3705 3737
2878 2912
3192 3239
4782 4809
3632 3644
3082 3109
3687 3692
1854 1873
1597 1620
762 763
2816 2866
3855 3856
1892 1902
1677 1721
3670 3699
163 194
2627 2669
288 308
1261 1306
1734 1781
1728 1759
1935 1952
3370 3412
2887 2924
2520 2533
4879 4896
2719 2744
485 487
3841 3874
2570 2611
4415 4431
932 978
839 877
3216 3265
2266 2276
73 100
2314 2343
4395 4407
2243 2291
3316 3341
1261 1305
4516 4518
3952 3982
4077 4127
2431 2436
2359 2390
2924 2926
3745 3761
617 625
711 725
2826 2842
3876 3907
4376 4410
1173 1219
1175 1199
3995 4023
2375 2380
2564 2573
4199 4209
3074 3082
3614 3658
924 969
4472 4499
268 310
411 413
311 312
4036 4061
35 54
2242 2255
1087 1134
2365 2396
1339 1383
2061 2100
1598 1637
3387 3397
2979 2999
321 368
494 497
424 441
1694 1707
1514 1550
61 111
1328 1371
1897 1933
3480 3503
3255 3258
1017 1023
4157 4187
4852 4868
4846 4849
671 688
1566 1594
1727 1772
1776 1793
711 756
1021 1032
2122 2147
948 985
3062 3093
3304 3327
4977 18
2332 2363
3225 3230
2716 2736
2229 2272
3281 3307
2058 2094
1091 1116
188 224
4525 4566
2619 2652
1924 1935
1077 1120
2429 2456
1494 1505
2283 2318
1390 1433
1565 1585
1926 1961
1306 1345
3739 3776
33 80
4646 4686
1295 1332
3749 3750
2665 2713
4323 4352
3831 3877
2339 2386
601 605
4659 4687
3237 3251
4029 4041
3393 3407
497 506
3922 3960
1280 1285
1287 1320
1018 1029
3274 3301
353 362
4314 4333
4444 4486
1949 1958
643 670
2385 2414
2106 2140
4979 4999
971 990
628 666
3602 3606
3003 3006
4947 4954
1653 1686
4980 4992
1177 1220
471 521
2525 2552
2589 2598
1198 1228
3834 3839
4146 4161
562 589
3187 3227
2701 2704
1600 1613
903 922
4063 4077
4715 4762
2848 2851
2177 2207
1507 1509
2873 2893
3806 3832
2843 2893
3333 3372
302 311
1951 1963
1611 1631
2943 2958
2737 2755
3759 3798
2343 2362
1585 1624
3075 3078
1935 1978
4745 4793
2133 2170
1436 1458
1442 1477
102 148
485 530
1836 1839
2575 2611
4822 4835
176 208
3756 3771
623 638
580 596
1023 1060
1285 1329
702 742
3375 3422
3820 3852
2799 2820
1169 1189
1253 1301
1375 1388
3677 3679
1180 1214
1153 1200
3542 3570
395 403
2460 2464
4325 4352
205 224
3278 3288
641 685
2830 2871
588 597
2884 2885
3789 3825
2194 2239
758 784
1913 1920
2785 2796
4005 4047
2187 2191
4494 4511
2389 2423
4270 4310
3080 3104
3161 3171
2500 2511
3958 3988
880 913
4745 4784
3021 3061
535 543
2359 2405
2950 2970
4062 4064
1463 1470
3244 3280
1946 1973
229 232
4815 4856
416 443
3103 3105
767 798
2482 2511
4775 4812
3502 3527
2861 2910
3110 3114
434 460
4845 4891
581 583
4062 4103
2119 2143
3638 3681
4737 4776
2977 3025
3512 3526
817 843
3175 3187
642 659
3075 3118
1131 1165
2417 2461
2770 2779
4781 4806
3190 3200
1766 1780
2339 2341
2719 2739
4413 4434
317 347
3908 3926
4172 4221
4672 4697
995 1027
2329 2333
334 370
4294 4343
3410 3432
1079 1111
4570 4580
3701 3740
889 915
3965 4000
750 787
537 585
4489 4534
4998 1
2846 2876
3434 3465
3970 4004
2885 2893
781 823
3080 3126
1421 1445
600 610
4215 4263
1181 1216
3426 3448
4365 4382
2667 2700
1427 1460
3867 3907
4476 4503
3162 3209
1798 1802
4408 4422
3279 3325
4978 5000
4463 4504
2782 2793
1152 1179
3761 3808
2078 2119
3208 3219
1096 1145
1159 1183
2221 2271
849 868
1802 1817
2949 2950
3440 3484
4296 4331
21 67
3786 3820
1513 1516
137 183
2529 2564
3813 3849
1001 1036
2095 2102
3281 3315
4109 4132
1939 1981
3466 3502
2463 2487
2459 2500
1914 1927
3997 3999
90 105
4191 4201
151 177
1561 1583
1190 1227
4766 4773
4864 4892
3310 3334
1580 1624
3477 3488
4992 23
988 989
539 563
4853 4887
1760 1807
4743 4789
2599 2621
3582 3624
4107 4121
2978 3026
4399 4448
1268 1274
663 666
999 1024
3866 3887
1854 1895
4827 4856
1705 1720
1291 1297
2478 2490
2224 2241
3554 3587
25 54
3526 3576
4881 4916
1768 1799
859 897
1463 1495
2535 2563
2046 2087
4346 4363
3673 3689
92 118
3997 4040
2591 2594
737 766
1250 1263
1324 1364
3280 3303
534 556
1645 1684
3215 3219
1902 1909
3822 3848
661 687
4642 4658
4579 4614
1353 1403
719 720
994 1026
4743 4766
2434 2466
2205 2219
3927 3949
4896 4927
3325 3344
2459 2464
346 379
3636 3647
2143 2190
4149 4153
3267 3288
222 271
3723 3767
2144 2157
4316 4350
3718 3729
455 471
3425 3461
2969 2978
4899 4932
1285 1319
2232 2243
3387 3428
3757 3769
4261 4303
1152 1171
1009 1015
508 509
4431 4479
4197 4223
475 493
1126 1130
4949 4997
3937 3974
4727 4732
4911 4945
813 841
1270 1317
4227 4267
478 504
4600 4623
4551 4588
487 492
3355 3398
3455 3492
3860 3884
2631 2643
2089 2125
621 669
4900 4906
667 680
4228 4278
3706 3755
3708 3716
3938 3966
3220 3258
4292 4322
1406 1430
4938 4960
2741 2766
4129 4133
117 123
4983 29
2646 2692
4005 4041
4271 4308
10 38
2249 2258
4897 4943
1953 1962
3227 3230
2384 2402
3820 3868
2911 2958
3538 3581
3341 3371
3634 3656
2624 2633
3028 3075
339 383
582 606
816 846
1139 1169
3568 3603
791 810
452 479
4860 4885
959 979
578 594
3756 3781
2197 2229
2376 2418
563 566
1370 1409
1689 1694
3801 3831
3712 3746
4954 4982
1860 1906
1623 1671
1933 1977
4105 4147
2713 2740
2826 2853
2239 2282
4059 4094
4202 4249
1141 1145
981 1025
2951 2988
4606 4654
218 255
3602 3609
1396 1406
1573 1579
1723 1724
2666 2710
3493 3499
3911 3930
1566 1572
1603 1621
4799 4824
4529 4570
4861 4889
883 897
2533 2562
1876 1878
1413 1453
1290 1320
396 405
518 546
4800 4831
69 91
827 835
4766 4815
3244 3271
3844 3856
1192 1226
4677 4723
3233 3257
4297 4309
4080 4105
169 217
3013 3041
972 980
2587 2611
4503 4510
2323 2364
2623 2639
3841 3886
1405 1412
3277 3299
4012 4058
3427 3469
4588 4625
4730 4739
1565 1594
1716 1747
3726 3751
2557 2584
4752 4795
3185 3218
3678 3681
4773 4823
4779 4817
3843 3864
3243 3244
4145 4185
3797 3843
1507 1524
1759 1779
179 222
4065 4082
4673 4702
2977 2987
139 156
264 280
2092 2131
3206 3215
3187 3236
2864 2888
1364 1413
2746 2771
4945 4982
419 444
874 889
2146 2196
3540 3583
4623 4647
823 862
250 278
4904 4952
1572 1592
3358 3391
3071 3121
1535 1567
4654 4702
2348 2352
2514 2550
3841 3870
1990 2037
1691 1716
1822 1857
3928 3963
3372 3405
2846 2883
131 161
1614 1655
1477 1526
637 646
4072 4080
2345 2385
541 557
199 248
1857 1873
2584 2614
654 667
970 978
1319 1362
1510 1535
1900 1903
430 460
4103 4147
2465 2495
3788 3829
523 560
2671 2716
1703 1704
3463 3493
1340 1374
1055 1075
4972 4985
1953 1961
1212 1262
4335 4370
258 270
1443 1444
1986 2019
3836 3838
2077 2107
811 837
4563 4565
4222 4260
2773 2816
2796 2842
1622 1659
468 482
597 621
4864 4914
3378 3391
1620 1660
452 474
102 129
4005 4029
983 1007
3435 3474
865 875
33 79
4530 4562
4591 4628
3211 3232
3969 3971
4601 4642
4247 4272
3312 3350
197 206
163 192
1884 1897
2871 2907
3820 3840
1154 1162
2491 2537
1858 1891
1433 1442
1220 1265
2491 2492
2844 2859
430 435
4755 4770
2387 2408
2018 2033
3827 3857
3574 3575
43 92
4560 4573
3502 3550
1706 1737
469 495
574 585
4714 4736
3728 3778
1438 1446
2089 2128
2206 2232
1882 1923
4633 4639
609 643
3434 3456
1266 1307
1778 1828
282 311
4914 4962
2848 2867
4645 4646
4442 4457
4813 4850
3709 3742
1099 1107
2353 2356
1230 1276
461 478
580 603
3874 3920
4401 4418
3196 3231
1335 1374
1137 1160
3311 3320
1530 1559
1688 1721
3284 3320
2515 2540
2273 2294
1962 1996
1801 1807
3800 3810
891 920
3984 3997
4061 4102
3514 3515
329 331
2678 2710
98 130
3658 3701
3234 3240
2056 2060
4987 20
3295 3311
4286 4321
499 533
3191 3222
4653 4688
4808 4831
4237 4284
195 218
484 495
1808 1848
1197 1220
2961 2977
4129 4148
2515 2526
217 233
2081 2129
1854 1888
2199 2236
3412 3448
4808 4831
2353 2387
1063 1107
2294 2333
2802 2811
2384 2405
3674 3683
977 1026
1131 1149
4017 4028
276 283
2244 2247
3397 3402
553 577
3875 3906
991 1040
1133 1148
1967 2006
1515 1538
3489 3524
3205 3239
4546 4557
3546 3585
4405 4416
228 275
385 431
4959 4988
676 687
3981 4011
4114 4153
4014 4033
1093 1105
3619 3657
4461 4489
1268 1297
2900 2912
3096 3111
4882 4886
3539 3568
930 964
1996 2020
4689 4716
3259 3289
1135 1170
451 466
2902 2943
1743 1772
1032 1062
244 254
4569 4581
1177 1224
1936 1963
1415 1442
46 63
4409 4442
1757 1759
1579 1624
4915 4948
3974 3994
4576 4600
2424 2459
3613 3650
89 101
4976 4977
1395 1416
4792 4820
2267 2284
1408 1450
2407 2435
2043 2059
4030 4076
4970 4988
4921 4965
4627 4629
712 734
3904 3942
2446 2479
4705 4727
1853 1861
120 152
2664 2679
2375 2424
2275 2303
2601 2615
3347 3383
1575 1623
4978 27
4753 4796
1485 1512
229 235
2117 2144
2096 2104
3491 3499
1156 1164
4826 4834
4150 4157
4085 4134
2786 2833
2857 2900
1383 1432
2816 2837
2878 2895
4430 4475
2803 2822
3809 3857
1598 1612
716 738
2170 2172
483 527
4834 4843
1795 1820
870 886
405 436
3524 3535
4364 4403
1444 1468
1033 1046
1553 1595
4930 4938
3012 3017
1867 1899
2429 2473
2137 2183
1119 1148
1598 1633
1918 1964
3922 3949
1468 1479
4338 4387
372 421
4224 4255
1275 1312
3588 3616
1133 1150
3586 3611
559 575
2507 2545
3242 3267
3003 3004
1617 1622
469 475
4782 4814
3742 3755
2943 2973
3611 3641
1743 1768
2414 2460
3963 3980
2360 2368
2968 2975
356 402
3855 3875
630 670
238 282
4628 4638
1099 1118
684 733
72 88
3805 3823
1951 1975
2019 2034
1173 1186
2767 2778
1417 1438
4752 4759
2135 2171
2036 2037
269 300
3683 3729
3331 3378
596 622
2619 2632
3142 3158
4733 4745
4984 4986
680 695
4531 4568
1059 1107
2606 2639
2347 2373
4289 4336
1575 1595
102 105
25 73
3964 4005
3552 3559
4745 4774
2617 2631
4483 4529
2881 2910
3866 3871
4685 4688
1975 2003
4987 26
1591 1637
3090 3099
428 441
3090 3110
943 952
4405 4427
3621 3646
4791 4806
3797 3821
2726 2765
810 834
3404 3412
4760 4787
3653 3670
4430 4456
445 488
197 220
3758 3802
4557 4573
872 915
1343 1345
2539 2551
444 488
1759 1764
3929 3954
18 26
3405 3454
3443 3444
2866 2889
1089 1131
3903 3905
4385 4405
220 264
2438 2485
1996 1999
3446 3496
4704 4734
688 713
3500 3516
2635 2644
3094 3142
3033 3059
304 311
4749 4793
105 153
2945 2959
3687 3714
1617 1656
3122 3137
3900 3922
4173 4220
2727 2745
1204 1211
3206 3230
4174 4181
3077 3106
473 505
1238 1261
4443 4466
2039 2079
2767 2809
145 161
4393 4432
1236 1284
4853 4901
1405 1410
4177 4215
1839 1856
1765 1774
123 154
2683 2696
2100 2110
2404 2452
3425 3442
3758 3785
1462 1492
4606 4611
2984 2996
4419 4426
273 317
1530 1567
369 375
1804 1823
3158 3167
3604 3605
93 135
1231 1273
3191 3224
4309 4339
864 895
3418 3431
4468 4512
4646 4674
1188 1226
2654 2661
505 508
884 901
2753 2797
1134 1157
2825 2829
3423 3449
3166 3179
120 141
269 284
827 842
461 496
523 550
3508 3532
804 844
368 391
788 837
4111 4141
2353 2371
1106 1150
1772 1807
56 84
66 110
2057 2086
3811 3850
4721 4748
2853 2880
3254 3273
3371 3414
4280 4312
170 176
903 952
393 417
3302 3327
216 236
4170 4172
3240 3245
1450 1468
2512 2539
169 212
736 758
3707 3718
1571 1605
1794 1835
60 72
3363 3368
848 875
2850 2887
1004 1042
2478 2528
2408 2457
668 699
4277 4326
3476 3490
1636 1641
3500 3518
226 248
4962 4963
2909 2917
170 201
966 985
1751 1771
4847 4891
475 488
4250 4251
397 425
3105 3116
3060 3071
4021 4057
468 470
4863 4893
1718 1755
4844 4862
886 919
4770 4796
4211 4217
1006 1046
1252 1273
1323 1361
1117 1135
2445 2474
3343 3374
560 598
1275 1303
4271 4292
4075 4098
1768 1816
1646 1659
581 584
1429 1463
1113 1117
4165 4193
3741 3776
3058 3072
4499 4538
3134 3140
1981 1990
3022 3030
3425 3434
4524 4549
1053 1085
2303 2308
4946 4949
3935 3941
470 513
1958 1983
419 428
2933 2936
2893 2916
3754 3790
4860 4895
2891 2920
4641 4668
4101 4132
490 507
3354 3382
3202 3206
3617 3624
4140 4161
4362 4370
1266 1301
3753 3765
189 237
3316 3337
3937 3982
3139 3143
59 108
2706 2754
1881 1920
2470 2474
3093 3141
3871 3917
2134 2166
2902 2911
725 727
3920 3938
4345 4366
4703 4714
3581 3582
1142 1162
4849 4850
2788 2817
978 987
2178 2228
1009 1012
3116 3155
1218 1262
3752 3757
804 848
4094 4130
4710 4755
1888 1907
4875 4898
3058 3059
227 275
3483 3495
1689 1727
3827 3842
4729 4752
2921 2948
351 380
3655 3704
2832 2882
1462 1483
859 873
4400 4419
3856 3901
334 362
1707 1708
3873 3876
739 783
1297 1342
2370 2420
2671 2697
1156 1176
3707 3732
1935 1979
1284 1285
2024 2039
4650 4663
28 49
4526 4557
3939 3959
1424 1463
2340 2380
3912 3959
1419 1453
3197 3243
3363 3399
2175 2192
2233 2237
4354 4391
269 309
1050 1068
663 694
4623 4636
1382 1428
129 141
3524 3548
4979 1
3998 4006
2113 2119
3453 3467
1147 1151
163 173
2741 2788
680 692
1311 1355
4833 4842
1220 1247
1315 1364
3266 3296
4836 4841
237 274
2679 2700
4157 4185
2579 2604
1626 1654
835 840
2561 2595
499 503
626 645
1115 1161
4429 4475
4855 4901
3912 3936
4857 4880
694 734
4434 4441
4429 4443
4111 4143
1921 1957
1887 1931
2637 2679
1510 1535
4943 4978
4258 4287
997 1041
975 979
1124 1154
4474 4483
2655 2680
2046 2073
921 942
4850 4867
1967 1972
647 669
3245 3266
4373 4382
668 715
686 733
4985 4997
3879 3883
2400 2424
4783 4806
3021 3061
4223 4266
1577 1611
1353 1368
4610 4636
2632 2669
4158 4192
123 162
3752 3759
2886 2899
4636 4678
3187 3196
778 784
3718 3742
2413 2415
3960 3972
3997 4020
927 941
280 308
3914 3927
867 905
2456 2499
2397 2424
1029 1073
156 187
893 915
2099 2123
1907 1913
318 355
2305 2353
3029 3030
501 529
2759 2775
2825 2871
3761 3791
778 787
2530 2551
1158 1159
1315 1325
357 395
4600 4644
875 882
4775 4792
4665 4711
332 345
2985 3034
3969 3996
4015 4035
916 932
2180 2213
3768 3805
3196 3204
38 85
4866 4896
4536 4577
770 773
2196 2207
3395 3420
1832 1851
3871 3874
992 1038
2503 2537
3368 3369
4975 4976
2204 2220
1053 1092
4623 4628
3389 3434
1963 2011
3051 3083
3104 3119
2418 2453
1261 1299
2778 2793
3588 3635
860 910
688 702
4932 4970
388 412
1942 1979
4584 4634
3572 3622
965 972
2432 2440
1040 1048
3451 3462
4233 4279
3927 3973
3570 3609
3820 3869
1465 1497
2627 2676
4339 4364
1475 1508
307 344
4151 4165
3132 3158
141 155
1376 1396
1584 1630
2841 2859
2565 2615
2132 2148
4091 4095
118 159
583 607
95 122
3788 3806
1888 1907
408 412
488 526
535 547
3355 3365
3480 3489
2274 2316
680 726
761 798
3309 3354
1719 1737
2944 2976
2275 2289
4177 4180
2385 2428
3981 4008
865 884
1638 1650
1305 1354
4917 4947
4284 4292
4510 4539
2658 2668
707 753
3512 3530
5 28
3914 3916
1870 1898
4623 4661
3648 3655
454 459
3830 3842
2588 2609
1191 1227
503 524
3056 3091
3396 3399
719 763
3305 3339
3940 3948
4182 4227
627 666
2645 2659
4328 4372
838 853
1626 1638
561 586
3502 3536
4997 3
2778 2781
2941 2956
1648 1685
640 684
4883 4921
2026 2057
1002 1015
3196 3204
526 545
987 1030
2729 2759
329 367
1167 1186
1259 1286
4001 4034
4220 4221
4520 4569
3130 3132
4946 4961
2610 2619
2305 2333
2767 2787
304 349
3378 3422
4370 4413
4838 4884
1648 1659
2531 2535
1744 1765
737 758
4277 4324
3947 3985
1002 1003
166 180
1323 1337
1470 1483
2854 2871
1518 1548
2462 2507
732 756
2928 2958
1112 1125
1166 1197
1786 1807
794 821
3388 3407
3406 3454
4901 4905
561 578
1011 1048
3983 3989
4174 4191
1106 1122
529 547
4923 4959
652 691
3606 3654
926 953
3639 3684
3804 3823
2377 2419
1306 1325
1125 1133
4327 4329
189 234
3708 3737
4347 4375
314 320
661 700
3830 3841
3835 3862
2524 2572
1858 1900
4845 4857
1836 1854
4639 4668
479 511
2308 2341
3165 3180
4521 4546
3805 3810
2593 2636
984 1023
2255 2275
2004 2053
4856 4881
1565 1579
2669 2694
1972 1999
456 490
3701 3716
2743 2773
3624 3638
850 860
822 860
80 89
4202 4228
1084 1091
2042 2047
3002 3036
2026 2058
2078 2095
4869 4889
2515 2527
1443 1470
2198 2248
4305 4312
3443 3458
2139 2177
1323 1331
4527 4552
4661 4684
2717 2723
1750 1768
417 467
4639 4686
350 361
412 448
1713 1725
3449 3495
37 63
374 398
3075 3114
2006 2040
901 930
4324 4326
1603 1646
1200 1244
316 317
605 627
4720 4730
4962 4981
159 196
2277 2301
4719 4720
2019 2045
4000 4028
3703 3727
2193 2203
3351 3364
1586 1607
4924 4930
619 632
4091 4101
4700 4725
283 311
2229 2275
1204 1254
3472 3486
946 975
2072 2091
1931 1937
4355 4358
688 730
3925 3932
4552 4563
2093 2112
1908 1919
118 133
4057 4078
4761 4792
2544 2558
494 521
2076 2115
2550 2565
4085 4107
2314 2329
4741 4786
3570 3579
4589 4597
1167 1209
3114 3128
3201 3216
4323 4336
78 88
890 918
3214 3219
172 201
1538 1577
575 598
2473 2478
814 832
3495 3522
2580 2590
3235 3274
869 916
1869 1892
521 554
3149 3173
2701 2721
2018 2043
1637 1685
2460 2493
4377 4425
4158 4183
4611 4645
4003 4049
2917 2960
1468 1494
4283 4327
3954 3983
4042 4076
3705 3726
990 1015
1097 1117
2300 2311
2566 2581
2903 2935
2645 2673
4392 4394
4225 4272
1671 1706
4098 4099
2795 2827
538 550
619 636
3749 3764
3560 3573
3996 3999
1309 1334
3153 3179
1822 1831
1571 1613
634 659
3218 3252
4068 4105
998 1018
1268 1280
660 690
892 911
4739 4752
1392 1424
3317 3328
2089 2133
2989 3011
3109 3149
1428 1433
4816 4863
1265 1266
4322 4328
3838 3874
3437 3453
1731 1767
2818 2847
2224 2250
3541 3581
4756 4757
1336 1341
2024 2069
2227 2249
3426 3455
505 546
2953 2983
2073 2097
2231 2243
2135 2177
2734 2767
552 553
2412 2423
887 916
4343 4363
1729 1763
71 88
2578 2593
3959 3984
2596 2617
4036 4078
1040 1090
3746 3767
4533 4547
2629 2657
1118 1141
72 112
3349 3372
1575 1623
304 348
4798 4838
3172 3182
4984 9
3819 3842
3605 3643
4877 4922
3246 3265
3190 3226
1141 1180
3283 3313
4745 4784
401 441
2471 2475
1542 1566
806 854
1484 1519
3631 3679
2686 2733
423 472
1331 1333
1741 1749
3317 3363
4023 4024
2547 2578
115 156
2525 2573
387 434
1693 1722
1895 1900
1925 1940
4073 4092
4011 4033
1839 1845
4651 4693
3778 3791
261 297
4 16
4031 4078
4780 4801
582 631
2562 2580
1201 1250
2885 2909
2719 2761
2147 2170
3824 3847
2815 2817
2590 2629
1755 1775
3398 3421
1762 1811
2476 2494
2662 2692
363 377
1161 1182
200 230
519 561
3095 3115
2020 2049
3599 3649
2039 2052
2701 2714
328 336
3208 3241
663 712
888 910
2205 2227
1759 1784
2847 2869
955 985
710 717
1338 1381
2623 2672
4397 4412
3024 3027
110 135
2791 2804
2524 2569
4813 4818
2604 2644
3264 3314
3234 3263
592 626
1497 1545
3927 3930
1187 1200
3491 3499
2937 2943
963 994
2364 2381
3069 3074
3420 3455
3297 3301
1206 1225
3811 3845
2313 2320
2071 2077
2296 2329
1511 1518
2714 2732
2715 2728
2600 2639
535 554
1510 1532
4625 4671
3228 3233
1698 1707
2485 2511
244 280
1321 1326
2808 2827
1990 2009
4084 4085
2105 2106
2453 2487
576 611
1306 1353
2229 2267
118 122
1308 1312
2465 2513
287 316
3224 3236
1578 1582
3830 3858
2321 2329
4721 4742
1590 1631
3395 3405
4920 4951
2113 2117
1698 1729
2598 2610
2945 2977
4768 4805
3796 3820
333 356
284 334
1688 1728
2636 2682
1164 1188
3576 3591
1642 1644
359 401
2448 2485
3822 3826
4243 4249
1979 1989
404 451
1737 1784
4674 4722
2138 2141
1184 1205
2728 2754
2127 2176
2898 2935
4279 4291
3305 3331
91 108
1294 1295
2913 2919
266 278
1633 1658
2550 2568
935 968
3375 3410
2063 2107
4318 4343
1808 1828
653 673
4617 4628
3492 3512
1153 1179
2682 2730
1629 1663
767 784
1188 1198
457 501
3424 3441
164 168
3719 3748
3555 3565
4888 4924
853 898
802 811
419 461
4870 4912
3484 3488
2447 2485
4634 4636
34 72
4654 4703
1383 1397
1487 1516
3846 3850
3340 3344
2574 2584
1819 1868
1335 1354
1623 1634
3362 3412
3506 3541
1916 1922
285 306
4372 4393
2749 2751
420 456
4030 4061
3796 3817
4034 4076
3177 3187
2193 2212
3865 3903
3156 3164
1849 1856
3050 3071
2938 2982
1609 1641
2945 2959
3102 3106
1104 1126
3659 3701
525 546
1840 1848
130 173
1147 1193
397 431
4071 4105
4973 23
2292 2337
2445 2458
4887 4891
1296 1317
2059 2071
1108 1136
174 188
4685 4706
3571 3575
1026 1063
4200 4223
3445 3452
1309 1315
1250 1283
1953 1984
3579 3587
2384 2402
2232 2240
2285 2326
1031 1054
2535 2537
1359 1360
2387 2430
3444 3466
2247 2258
2329 2372
4817 4841
1261 1286
3247 3290
4420 4456
4779 4789
1836 1886
523 538
1152 1173
3694 3698
1615 1646
4613 4661
4637 4678
1263 1270
4513 4525
4493 4517
4636 4651
4496 4508
3685 3727
2391 2411
3086 3124
485 509
2870 2884
2798 2815
4731 4762
1432 1469
1531 1534
1094 1129
436 448
1651 1684
756 774
530 570
685 687
2129 2165
4818 4840
4255 4301
1096 1144
2449 2482
2208 2249
2356 2381
3060 3092
161 202
3263 3293
4263 4303
1183 1200
2462 2489
1069 1106
1828 1860
523 571
4781 4793
2591 2620
906 926
3348 3368
2240 2274
3709 3749
3960 3999
1011 1061
537 575
1194 1226
314 352
2386 2394
3039 3078
3273 3318
2480 2518
615 631
3988 4004
4089 4102
1218 1245
1929 1965
1170 1176
1967 1995
4916 4928
1615 1653
3174 3185
313 323
2307 2320
4274 4282
3092 3128
473 489
3019 3029
2985 3022
272 279
369 400
71 77
3138 3139
4087 4104
2343 2370
191 221
4377 4413
1513 1552
2153 2165
173 212
1483 1524
1613 1620
76 81
3590 3602
2905 2932
256 263
107 156
2592 2604
3416 3421
1488 1521
2690 2702
482 492
503 526
1965 1970
2458 2491
3703 3718
3151 3177
4699 4729
2189 2190
3956 3979
3076 3085
2319 2356
3166 3182
4367 4412
3665 3699
3747 3764
516 531
190 237
3981 4022
3392 3433
1340 1346
2645 2679
1504 1539
3436 3458
203 228
2708 2745
2999 3018
2426 2458
1699 1707
1828 1844
2225 2264
616 618
2011 2051
713 748
1886 1894
2605 2635
411 424
4398 4426
4174 4186
1897 1906
1914 1924
3636 3665
2401 2404
843 880
263 270
1436 1465
1388 1411
489 506
3772 3815
4602 4625
3570 3602
1030 1051
2487 2506
661 695
2995 3022
3804 3814
3812 3845
1151 1191
4123 4132
4587 4632
4696 4743
164 180
1379 1401
4371 4389
4954 4988
4904 4907
2932 2933
164 196
3882 3893
2744 2761
1952 1990
2102 2111
708 754
2677 2724
2301 2316
4147 4181
2503 2545
3379 3418
3723 3747
1914 1916
3797 3837
126 173
3368 3397
1068 1092
3121 3134
943 981
1560 1598
4352 4395
4985 4986
3326 3361
1966 1982
4168 4190
1645 1663
4314 4364
3532 3550
81 109
3963 3974
3230 3245
2459 2500
4493 4510
1245 1249
2867 2881
2384 2421
2009 2029
1406 1430
3592 3606
4906 4937
3051 3067
2623 2652
3048 3080
3032 3051
2995 3003
780 782
1064 1107
3994 4001
4608 4645
3480 3486
2480 2526
566 597
4373 4408
3227 3276
799 831
722 755
4084 4123
4372 4404
1984 1990
1828 1873
3303 3321
2663 2676
4829 4867
2922 2943
1338 1359
550 562
2036 2060
3396 3441
3962 3991
4712 4746
4626 4641
4486 4527
1559 1609
1676 1715
4449 4455
1194 1223
2874 2893
1007 1041
1764 1765
1935 1955
1427 1450
4411 4418
67 72
1470 1492
4204 4225
2205 2218
2249 2279
2730 2762
4546 4570
2033 2066
2484 2507
3099 3140
465 491
4136 4143
26 47
816 850
674 684
4925 4961
1144 1155
3045 3049
1165 1175
3238 3246
1929 1958
4863 4902
1216 1225
707 756
3407 3418
832 852
2249 2276
3421 3444
1105 1155
4588 4623
2878 2912
3424 3436
4752 4781
3864 3882
1992 2015
4671 4691
2231 2255
983 1003
445 467
1838 1857
3340 3346
4419 4455
4666 4707
3321 3341
908 910
3603 3629
472 499
1253 1293
2850 2852
4895 4927
4366 4383
520 561
4438 4445
2420 2469
1950 1997
1343 1375
762 803
4828 4835
4408 4448
4565 4570
4833 4869
3160 3201
2092 2134
4653 4694
242 291
1386 1391
2202 2209
3269 3282
197 229
4372 4390
3678 3692
2988 2990
2081 2091
795 815
1523 1551
3436 3470
1993 2016
779 829
3939 3970
4194 4195
2925 2956
4360 4368
4729 4756
3235 3265
3808 3809
1290 1326
3827 3872
2387 2388
4532 4564
2853 2866
1016 1058
973 1007
2440 2453
2418 2426
650 693
2531 2554
304 311
1840 1887
4042 4091
839 875
1460 1461
3715 3723
4199 4218
2190 2220
1234 1242
4854 4862
1011 1054
3543 3565
293 320
274 308
436 449
2065 2113
2110 2121
4458 4467
1952 1966
4229 4239
3727 3744
2297 2311
244 254
3781 3816
2000 2032
2395 2410
1535 1570
1658 1696
798 829
3182 3185
3784 3785
53 91
4888 4921
1254 1271
510 545
474 487
1735 1780
2795 2844
1808 1810
655 694
4914 4959
2806 2807
4456 4471
3273 3299
213 237
1688 1718
810 853
885 913
4988 4996
2856 2861
3637 3670
4033 4036
819 825
2930 2939
749 772
412 451
3420 3434
97 119
463 508
1001 1020
1581 1631
1109 1150
244 293
2799 2800
4185 4192
126 165
3206 3220
2298 2348
2930 2977
4601 4643
4306 4352
2352 2399
1798 1799
242 279
1427 1449
4994 18
1292 1311
3938 3984
39 48
3732 3762
1964 1976
776 779
1024 1060
3122 3144
3502 3550
829 842
4237 4286
2499 2509
4082 4111
3497 3544
657 691
1213 1242
3252 3300
4698 4734
4142 4171
598 601
3867 3907
4812 4853
2538 2547
2300 2335
1619 1655
4527 4564
1610 1636
2979 3021
3970 4006
3518 3562
2677 2717
1466 1493
3902 3931
1321 1347
1863 1891
4261 4307
633 654
4471 4513
1960 1986
4140 4172
2120 2148
4819 4821
2681 2729
3783 3826
2449 2493
4086 4091
1124 1142
2398 2433
4594 4612
3663 3702
966 997
1630 1670
3150 3151
4970 4973
4360 4404
4278 4290
1511 1539
401 418
1330 1355
3384 3398
3312 3340
681 715
1464 1500
4847 4880
1162 1193
4184 4201
3466 3483
769 780
3474 3497
1761 1809
697 718
2180 2205
473 487
2426 2437
4814 4827
4196 4242
1519 1521
4096 4114
2109 2117
2253 2268
2843 2854
4972 9
2870 2907
2292 2298
4532 4558
1914 1922
269 314
3801 3829
1618 1649
1504 1515
143 169
676 682
2230 2275
4980 13
171 199
3215 3220
3189 3206
3518 3557
4852 4886
3142 3170
3814 3822
3294 3296
4029 4037
4938 4939
275 297
3182 3187
795 805
1477 1492
2743 2762
4115 4147
4804 4852
4963 4971
3131 3156
459 502
4830 4853
4585 4613
4107 4143
4171 4195
4785 4828
1529 1562
4006 4026
3590 3617
4884 4908
3901 3909
764 782
4798 4830
1820 1856
761 781
945 983
2943 2963
4631 4671
3651 3697
2053 2089
1063 1100
3046 3051
3781 3829
3820 3857
4407 4439
2245 2255
4849 4896
2960 2986
3527 3564
4177 4188
3384 3416
3364 3391
4503 4533
361 382
3310 3336
496 502
1687 1722
4425 4447
1124 1134
907 932
3922 3932
1325 1332
2198 2215
2041 2085
4061 4075
3010 3033
3661 3682
2990 3040
808 824
634 675
2895 2904
404 451
3445 3474
2597 2628
2374 2401
644 683
3909 3921
2743 2774
229 241
3203 3213
810 849
4422 4466
2398 2427
1171 1220
1718 1742
2058 2093
33 76
1780 1815
1643 1684
4693 4702
3968 4002
920 954
2131 2163
952 989
3024 3059
1890 1926
1544 1556
1000 1019
862 912
1563 1612
3509 3512
3605 3647
3747 3790
3481 3516
2499 2538
1789 1803
1906 1942
4913 4917
3719 3743
395 434
2174 2214
2094 2118
4494 4525
1788 1816
778 817
3742 3762
3802 3836
204 232
3011 3061
1624 1665
4771 4792
4886 4905
4467 4471
3332 3349
2515 2547
1071 1078
2572 2589
2931 2949
4642 4687
676 715
4759 4801
2103 2132
3028 3052
1448 1479
3330 3334
4187 4196
1626 1644
1873 1922
709 751
2413 2461
435 450
3379 3389
4075 4077
4439 4461
966 977
1683 1688
4499 4546
3810 3840
3883 3903
449 467
2301 2306
650 655
4141 4163
620 662
368 405
1370 1402
4514 4521
4720 4749
4392 4404
3167 3213
2306 2335
1020 1069
1728 1775
2668 2676
4355 4369
4683 4686
1781 1783
4743 4761
4302 4306
1964 2008
4234 4283
2495 2501
2096 2110
1323 1345
4800 4806
2893 2906
1798 1817
3901 3911
3378 3388
2668 2712
3635 3685
146 193
3882 3901
2727 2748
642 662
2676 2707
1629 1664
2348 2386
3979 4025
714 760
4294 4303
2692 2705
3160 3166
1915 1957
1172 1197
4811 4849
1032 1061
2150 2173
163 203
1096 1106
1887 1937
3913 3929
1518 1534
1392 1430
427 431
341 360
3705 3724
2599 2601
3035 3079
3934 3937
668 685
3076 3123
873 877
4977 12
3600 3615
4359 4367
1189 1209
4200 4219
2132 2140
2027 2048
3367 3396
3083 3091
714 757
3250 3263
4838 4870
3420 3449
2519 2536
2137 2142
1098 1115
2785 2835
1887 1927
4038 4041
4798 4838
1878 1913
4743 4755
481 519
2031 2065
2222 2269
2880 2925
4063 4065
4277 4314
825 852
502 545
4439 4469
1869 1896
185 225
3921 3947
474 482
1088 1121
451 483
1835 1847
1284 1324
3791 3799
3084 3094
3134 3159
4312 4336
4575 4609
4614 4621
1885 1895
4612 4662
2715 2718
1586 1609
4383 4384
3279 3321
3644 3659
2488 2524
226 264
3400 3406
266 307
2358 2364
4683 4726
4138 4148
1901 1904
981 982
4984 25
4726 4741
1198 1225
1654 1655
2307 2333
431 441
212 256
1660 1664
657 684
2658 2678
195 219
3533 3544
19 55
1663 1666
2049 2063
3385 3393
4251 4263
1254 1293
2776 2812
4326 4328
526 558
4857 4870
2275 2295
3620 3630
2734 2758
3324 3371
4321 4329
1759 1772
4022 4048
1841 1842
4784 4825
1509 1526
33 35
2718 2721
36 76
2124 2161
1528 1571
1196 1236
1508 1529
3202 3248
4643 4689
1686 1723
3511 3543
232 246
273 293
4862 4891
288 317
2741 2771
4287 4337
3380 3417
3825 3875
2738 2776
4527 4567
377 405
2861 2899
1343 1373
106 155
3840 3850
2987 3013
2887 2888
1456 1497
1561 1601
4400 4450
197 227
4474 4500
1606 1622
1825 1849
3844 3879
1218 1256
2046 2053
3177 3192
2246 2262
280 295
4875 4886
3848 3851
4073 4089
1092 1121
4493 4539
3211 3213
1472 1483
1206 1238
904 945
2014 2042
4907 4946
3 38
294 305
4220 4269
2335 2356
3787 3837
3901 3948
4604 4634
3218 3237
584 631
3201 3229
4691 4696
35 36
3884 3920
580 630
998 999
1103 1112
32 78
4184 4212
2511 2522
937 950
3981 3998
1858 1880
2452 2496
3020 3032
4849 4897
3821 3837
2109 2159
2570 2581
1915 1939
2052 2101
2238 2257
3166 3172
675 710
193 216
2991 3036
732 772
126 154
1807 1815
62 72
2363 2381
952 969
3010 3050
1897 1917
4992 4
3803 3840
3647 3661
1370 1376
1778 1790
477 522
2488 2513
2403 2434
1131 1144
3421 3462
4539 4576
677 713
448 467
618 656
987 1002
3097 3115
2100 2123
3682 3709
3044 3078
2679 2707
3044 3070
1915 1919
3625 3651
3422 3431
1915 1959
4943 4983
4107 4137
754 775
3374 3391
4994 13
2683 2695
3076 3095
909 911
4586 4631
3308 3315
1004 1022
1283 1323
4558 4594
135 159
3212 3247
2500 2523
4425 4455
3510 3556
1328 1346
262 272
1167 1185
2792 2803
2579 2589
2829 2865
1152 1198
1822 1853
4050 4092
1211 1243
4248 4293
551 571
2643 2693
755 789
3337 3378
3075 3079
2786 2792
2051 2062
4466 4511
4334 4355
4829 4851
2385 2394
460 505
3800 3825
4137 4181
1401 1421
3228 3278
3849 3889
4342 4385
818 830
3898 3936
1643 1676
35 81
999 1045
1265 1286
4273 4310
3142 3164
563 573
410 446
1051 1071
2247 2285
3139 3174
519 556
184 233
3538 3580
2977 3017
1181 1231
1501 1514
70 118
3304 3327
1620 1629
1438 1444
3551 3593
1412 1452
4910 4953
4879 4914
1312 1321
1268 1308
3944 3965
2079 2111
1342 1388
28 30
5 22
3088 3135
3319 3346
1761 1776
2712 2740
4401 4402
3782 3795
2825 2842
411 461
2844 2847
2653 2688
1247 1288
3690 3723
531 580
2563 2586
291 314
4621 4652
3877 3882
662 688
549 557
2224 2264
393 409
3201 3226
3219 3221
3211 3233
2855 2903
302 335
394 416
2550 2580
4170 4202
4429 4477
234 255
1548 1562
3905 3934
2283 2321
2175 2216
3267 3270
3768 3799
3578 3616
663 690
2799 2807
2541 2562
181 215
3176 3187
792 798
4280 4310
409 437
4706 4712
856 880
695 731
4827 4833
1669 1692
2644 2681
2866 2877
556 582
4283 4312
3532 3539
329 370
1053 1064
2436 2462
4930 4953
234 244
4433 4464
442 447
753 783
3789 3816
1288 1335
4294 4336
3710 3742
3471 3501
3218 3262
4888 4912
2095 2122
4626 4638
1276 1303
4081 4095
3533 3559
3161 3173
4025 4029
1895 1897
2610 2614
976 994
3319 3368
387 419
388 392
577 588
2576 2584
4356 4375
4641 4691
2556 2558
684 713
119 129
3552 3579
142 186
375 402
367 395
2528 2555
1694 1715
3401 3411
3601 3627
1531 1551
663 672
2641 2645
2976 2980
3796 3824
1176 1222
3015 3046
4079 4119
2901 2906
2570 2603
1014 1041
4129 4136
1451 1468
2317 2333
846 862
2520 2547
2216 2254
2419 2426
2582 2622
495 511
1574 1624
3202 3233
766 795
515 550
4632 4646
749 782
1310 1331
1656 1683
4073 4113
3438 3443
4785 4789
3907 3938
822 841
2780 2794
4971 4972
3113 3150
4846 4875
2848 2881
3007 3019
1894 1940
2855 2864
763 806
3385 3415
4446 4456
633 641
1577 1623
2479 2502
3147 3183
19 34
4417 4456
1733 1754
4567 4594
4862 4902
905 927
2021 2024
3044 3077
537 572
2370 2420
654 678
3026 3040
977 997
4686 4730
3927 3973
1113 1159
3086 3099
3413 3458
2995 2999
4323 4361
916 947
564 579
3581 3614
3787 3808
555 572
3526 3533
640 648
4592 4626
1966 1977
2688 2728
202 238
2882 2927
4659 4665
4214 4245
210 245
1707 1717
786 811
78 92
566 609
4614 4645
267 277
1351 1366
2780 2818
266 276
3861 3865
1303 1333
4145 4181
3716 3717
2429 2473
3522 3544
487 500
2071 2113
3186 3230
4717 4766
1021 1030
3089 3138
2020 2048
2513 2558
403 442
4653 4692
2653 2674
1939 1959
4827 4869
2346 2393
1248 1252
475 506
4641 4689
4855 4872
4617 4657
4226 4260
1915 1948
2069 2105
1516 1525
3300 3326
3878 3899
4152 4163
3332 3353
739 761
3841 3885
3290 3322
4914 4949
299 345
4228 4265
1173 1216
2595 2622
4379 4419
4951 4999
1858 1906
1901 1909
2 47
4879 4887
2693 2696
506 549
1943 1988
1396 1405
1398 1435
4984 19
1911 1952
3158 3159
1284 1310
3963 4006
3574 3599
1574 1620
3614 3639
3573 3595
2161 2176
4838 4888
304 325
3963 4000
2077 2127
3034 3062
4383 4409
3899 3901
2838 2882
3002 3017
2075 2121
4618 4637
1519 1525
1900 1934
557 602
4481 4516
4028 4075
1637 1680
2005 2019
2053 2088
2851 2873
2467 2508
4520 4542
1826 1860
2345 2347
4790 4794
1292 1294
1679 1710
4782 4824
4317 4330
4326 4366
2261 2285
3229 3273
2450 2461
4653 4672
4315 4363
1512 1518
42 78
1057 1097
703 744
1067 1072
1506 1512
3281 3294
2715 2748
4312 4320
317 359
2746 2770
180 226
1428 1440
2289 2338
2216 2252
3795 3806
685 719
469 508
3912 3914
3743 3759
4806 4838
2351 2377
1771 1817
32 41
1050 1075
332 339
4247 4256
1620 1641
2181 2209
3900 3908
2909 2935
2778 2813
732 748
3194 3243
1505 1553
2141 2155
694 742
3651 3690
3465 3487
4789 4813
1742 1792
4316 4352
555 602
1699 1703
2221 2270
2079 2093
4037 4073
4182 4208
2406 2426
1393 1395
3994 4010
1643 1685
2364 2388
83 85
1194 1236
2018 2039
3434 3458
4713 4739
3491 3525
793 825
1778 1806
3545 3585
913 952
2897 2938
1020 1024
2404 2447
4329 4374
161 196
3371 3391
4505 4512
4730 4751
2759 2803
2095 2139
1070 1106
1520 1562
3246 3294
3753 3799
775 816
471 501
2431 2455
2507 2535
4979 4984
1862 1899
4807 4836
1767 1779
2934 2948
4967 4981
847 881
1483 1529
1471 1493
634 648
4260 4261
4518 4527
2657 2667
4365 4376
1127 1134
681 700
449 454
1957 1970
4869 4874
3353 3360
2970 2996
392 428
2381 2412
4520 4563
2307 2325
2058 2097
3822 3852
3608 3629
3070 3101
1752 1790
2444 2487
2123 2153
4385 4401
1576 1608
1223 1241
4263 4276
4170 4220
113 136
858 902
1836 1871
2176 2204
4009 4042
1495 1537
3541 3560
2010 2016
60 70
1954 1967
3293 3315
3229 3267
1788 1817
994 1002
3635 3668
2666 2683
4622 4634
2834 2855
2164 2168
3486 3531
1641 1678
4562 4602
3524 3538
2963 2968
3308 3342
3572 3621
3458 3480
3539 3556
1543 1561
4409 4439
4301 4334
4190 4212
3662 3681
3747 3795
1402 1414
2325 2342
4601 4651
1465 1511
4956 4990
2527 2559
1283 1297
2009 2020
1860 1897
4588 4629
4346 4368
2889 2892
4800 4845
2768 2805
1218 1262
227 259
1181 1183
1229 1265
1654 1668
1637 1671
4127 4144
3587 3594
2135 2139
4162 4186
2633 2670
4370 4375
2256 2291
264 313
2808 2809
692 694
4532 4558
1278 1291
1202 1206
4732 4759
2105 2143
4173 4193
2736 2757
4002 4021
3892 3916
2864 2892
1142 1165
4820 4831
2364 2367
1726 1743
1640 1659
882 908
4853 4894
442 468
2370 2398
183 202
512 526
4249 4263
3224 3256
4775 4811
2882 2923
2775 2781
1842 1849
4418 4434
37 79
1082 1119
63 110
4283 4298
1522 1571
455 465
4728 4757
4134 4181
4325 4373
4338 4367
2142 2159
2853 2876
3411 3415
3433 3462
3215 3258
458 505
1435 1439
3846 3850
4276 4309
4079 4122
4052 4065
1643 1649
4866 4874
2007 2031
3042 3045
1292 1316
3909 3933
260 281
762 782
599 610
157 207
2391 2431
2539 2543
881 909
4441 4475
2753 2756
561 602
4499 4531
4681 4728
4910 4917
1139 1161
2461 2491
3611 3626
55 71
933 975
4799 4823
4196 4240
1107 1117
581 618
370 387
1443 1470
3021 3044
708 746
3617 3630
1899 1943
2041 2090
2870 2893
4740 4782
269 299
4343 4363
751 799
3049 3095
38 85
3687 3698
4081 4104
976 985
4926 4962
595 606
2508 2519
603 618
1482 1524
4886 4888
1444 1455
4497 4546
2936 2944
2662 2685
2062 2075
271 301
1791 1830
744 781
4092 4140
2888 2891
4218 4247
792 820
4311 4354
689 733
3429 3437
1931 1941
2368 2375
1575 1577
308 333
359 407
1098 1141
3988 4013
2957 2987
2277 2308
4844 4848
2405 2445
2139 2175
2502 2515
2112 2145
1490 1515
4693 4721
284 316
810 849
4562 4588
965 988
2916 2931
3836 3839
3517 3543
3689 3694
378 411
2643 2645
4226 4247
4401 4410
3081 3124
2729 2761
3288 3296
4754 4766
579 581
3087 3132
1008 1019
4870 4918
111 156
1841 1844
2856 2894
1198 1236
557 562
4994 36
3202 3235
678 690
2679 2722
2502 2513
4707 4724
3483 3510
4568 4583
507 528
1422 1450
89 103
971 1012
2996 3035
1303 1320
4078 4081
1208 1255
2314 2318
4485 4493
2832 2835
4858 4900
4576 4617
1730 1776
4726 4762
2938 2973
4082 4115
4229 4264
2591 2624
2835 2847
3525 3533
4832 4855
1213 1255
3034 3046
602 620
4481 4525
1343 1349
1728 1743
3549 3568
3863 3876
639 684
4515 4521
1830 1863
3352 3376
2044 2092
4986 4988
2972 3011
1230 1258
682 684
253 288
4041 4052
2157 2179
727 729
493 494
3547 3594
249 261
1155 1180
2617 2661
2645 2680
2360 2389
2089 2132
3338 3357
2460 2496
4906 4939
3456 3473
4087 4118
3553 3577
4445 4468
32 44
528 541
3398 3410
330 340
824 859
3815 3853
4147 4176
1174 1197
2819 2832
2410 2442
3130 3148
1923 1970
3060 3110
3236 3280
1748 1783
1390 1425
250 283
179 226
867 908
1597 1614
1411 1414
41 54
3959 4008
1864 1878
3905 3909
4523 4561
516 528
4380 4428
2086 2093
2437 2466
2732 2743
4672 4682
2947 2974
2244 2256
1412 1414
4734 4784
3416 3440
4037 4051
1397 1414
4883 4903
3917 3928
1266 1301
2423 2442
834 858
1084 1097
3201 3224
2067 2087
692 699
3758 3793
4784 4820
420 444
658 682
3459 3476
3755 3763
4543 4591
2969 2986
1640 1675
4406 4444
4635 4681
751 781
3256 3277
1260 1298
4018 4024
2274 2299
2623 2658
3556 3598
1416 1465
3099 3106
2080 2112
2479 2488
858 868
3148 3159
1454 1484
4983 2
1476 1497
2858 2894
4369 4372
3058 3062
2201 2232
3 47
4862 4873
2846 2863
2003 2024
4659 4689
1798 1803
2647 2648
1108 1118
493 515
305 332
3520 3539
1604 1612
1340 1352
822 848
2643 2679
2868 2887
1812 1845
1347 1354
4432 4459
2396 2423
3908 3946
377 397
3657 3670
376 425
1652 1699
1837 1876
4812 4842
3920 3934
683 715
3461 3468
3915 3937
761 811
1771 1792
1696 1739
3064 3096
1066 1079
740 744
3500 3508
3349 3371
1695 1741
4426 4476
203 233
1264 1284
3895 3921
898 914
2607 2617
4204 4207
987 1003
1080 1123
2217 2250
2125 2126
2506 2517
4847 4858
623 625
157 181
4777 4784
822 855
1491 1503
3667 3695
4105 4131
4118 4158
4628 4629
660 706
4938 4962
3377 3416
3235 3282
3090 3128
4585 4617
3996 4013
4274 4308
55 80
3026 3047
3100 3136
3914 3921
896 924
642 658
1910 1946
3943 3945
1979 2004
2632 2669
1340 1353
3937 3982
1087 1093
3078 3127
4624 4648
3649 3683
2215 2229
1139 1151
3666 3714
458 463
4936 4958
1377 1425
1828 1875
1638 1654
1888 1914
3495 3520
4218 4247
45 67
4180 4205
2149 2198
4940 4977
988 1037
2449 2460
4400 4410
4412 4441
3427 3441
1366 1391
2067 2116
1778 1816
441 490
3719 3767
2238 2273
95 111
1582 1583
3080 3081
2143 2169
3783 3832
2474 2522
4829 4878
725 769
962 991
4720 4756
1161 1202
1283 1291
541 583
4211 4249
2966 2984
1160 1200
93 135
406 446
3171 3198
1899 1943
1694 1743
151 155
4454 4484
3263 3296
4216 4250
1340 1371
596 609
1703 1721
3538 3574
2019 2042
1348 1393
33 38
1980 2029
2748 2777
625 626
2876 2911
2 13
1016 1040
3384 3387
3492 3532
2587 2622
3272 3290
3477 3501
1367 1412
4137 4162
3048 3063
66 102
630 668
2760 2776
1439 1480
1302 1345
3907 3919
3053 3096
775 793
4228 4236
1474 1481
1668 1672
3558 3593
777 811
2320 2368
194 214
291 315
3483 3532
86 131
440 445
2850 2889
853 862
1966 1975
83 107
2476 2524
2428 2442
428 431
1813 1841
3616 3651
693 716
1104 1113
2408 2424
4641 4686
2734 2736
2463 2496
3698 3712
1327 1357
4496 4503
4808 4816
2449 2452
692 693
1169 1206
3938 3945
2263 2277
2236 2263
4522 4531
232 275
1871 1915
3185 3213
2600 2626
4467 4500
3826 3853
3600 3607
4116 4134
1524 1525
4703 4705
3013 3056
617 621
3882 3926
197 212
2897 2937
4289 4338
2216 2242
2328 2332
918 933
3872 3905
4983 15
3239 3286
1515 1516
3470 3494
1841 1850
4443 4475
2729 2756
1725 1757
515 563
2150 2182
4379 4416
3237 3248
3838 3839
3065 3076
1187 1201
284 318
4706 4740
865 911
1860 1876
240 259
66 90
1801 1838
2382 2414
1380 1391
3522 3564
4580 4598
1145 1170
2001 2025
4628 4673
3875 3902
632 645
2459 2474
1448 1463
1072 1096
95 97
669 714
12 56
3909 3948
2018 2041
3364 3404
4019 4022
273 286
2041 2072
4339 4365
2683 2713
3273 3274
1048 1072
2368 2384
521 522
1549 1593
2279 2312
240 286
2036 2075
2873 2906
1900 1932
973 1015
568 613
2944 2946
2818 2832
543 547
2530 2549
3451 3474
1631 1639
334 361
3533 3548
1664 1668
1742 1790
2376 2411
529 578
3827 3870
3526 3542
283 287
4877 4885
1007 1043
3959 3964
568 588
2304 2325
3200 3205
2988 2991
4235 4275
4935 4984
2928 2964
487 493
2678 2725
1937 1945
4241 4265
1098 1141
3755 3766
4785 4798
3432 3466
3519 3544
2603 2652
2640 2667
3768 3776
1087 1113
4864 4890
1948 1991
169 193
4808 4857
2555 2577
1622 1659
984 993
2045 2077
3517 3527
839 880
2858 2901
4964 10
4906 4947
4822 4863
4194 4231
524 565
930 948
3717 3763
2446 2476
336 351
4968 5
2736 2754
2439 2483
3194 3213
3840 3869
2924 2943
2596 2602
3489 3536
4075 4084
4973 1
3170 3179
4911 4952
3709 3737
3508 3533
4637 4646
2254 2297
1294 1317
488 535
1775 1806
3053 3095
1328 1365
4997 8
3746 3754
894 897
2282 2330
532 579
166 215
4119 4141
2693 2732
4862 4912
171 209
731 746
2353 2380
486 508
2023 2036
1117 1127
663 712
85 119
2689 2730
4602 4641
2734 2759
4806 4843
3217 3248
452 482
790 827
4817 4860
4710 4749
3682 3706
2396 2425
3930 3954
4681 4689
4763 4796
3540 3586
589 593
1762 1812
2496 2543
3414 3423
2472 2475
4761 4778
2268 2300
917 920
4796 4816
2844 2853
2069 2071
373 407
3695 3734
1200 1249
453 480
445 482
2375 2421
3570 3576
1132 1138
2034 2063
